   4.0111477e-01   0.0000000e+00   4.8966572e-01   0.0000000e+00   0.0000000e+00   4.3930873e-01  -4.2587928e-01   8.1059258e-02   0.0000000e+00   4.6733125e-01
   0.0000000e+00  -2.0630270e-01   0.0000000e+00   1.0461632e+00  -5.3334684e-01   0.0000000e+00   0.0000000e+00   0.0000000e+00  -3.7481854e-01   0.0000000e+00
   3.0246036e-01   0.0000000e+00   3.8345781e-01   0.0000000e+00   0.0000000e+00  -8.4024766e-01   3.1773240e-03   2.1594329e-01   0.0000000e+00   9.3915449e-02
   0.0000000e+00  -4.4051751e-01   0.0000000e+00  -3.3784796e-01   1.3700961e+00   0.0000000e+00   0.0000000e+00   0.0000000e+00  -2.8110149e-01   0.0000000e+00
   0.0000000e+00   2.6686117e-01   0.0000000e+00  -2.6109558e-01  -8.6079439e-01   0.0000000e+00   0.0000000e+00   0.0000000e+00  -1.7612335e-01   0.0000000e+00
   2.4827097e-01   0.0000000e+00   1.4263859e-01   0.0000000e+00   0.0000000e+00   2.7969594e-01   7.8539887e-01   4.7208513e-01   0.0000000e+00   8.3773366e-03
   4.0286460e-01   0.0000000e+00   1.3268095e-01   0.0000000e+00   0.0000000e+00   1.3421605e-01  -2.4888681e-01   9.7760266e-02   0.0000000e+00  -8.5473985e-01
   5.3144272e-02   0.0000000e+00   4.7536274e-01   0.0000000e+00   0.0000000e+00   2.3232742e-02   3.6587545e-01  -7.9236216e-01   0.0000000e+00  -9.4676032e-02
   0.0000000e+00  -1.2984392e+00   0.0000000e+00   1.5299232e-01  -2.9219673e-01   0.0000000e+00   0.0000000e+00   0.0000000e+00   1.2793082e+00   0.0000000e+00
   7.2170770e-01   0.0000000e+00  -5.9098888e-01   0.0000000e+00   0.0000000e+00  -6.4870552e-02   7.7174202e-02  -2.9417453e-01   0.0000000e+00   1.8211931e-01
   5.7533235e-02  -2.9330163e-01   5.1276265e-01  -2.1207796e-01   4.6214367e-01   0.0000000e+00   0.0000000e+00   0.0000000e+00   0.0000000e+00  -6.2384671e-01
  -8.5529767e-01  -2.2736642e-01   2.7307463e-01   9.9704123e-02  -3.6043543e-01   0.0000000e+00   0.0000000e+00   0.0000000e+00   0.0000000e+00  -4.8435981e-02
  -1.1220543e-01  -3.8116095e-01  -7.6814884e-01   1.2226767e-01   2.3911393e-02   0.0000000e+00   0.0000000e+00   0.0000000e+00   0.0000000e+00  -4.8636663e-01
   1.2225387e-01   1.7762941e-01   1.8312132e-01   9.3305547e-01   2.4367059e-02   0.0000000e+00   0.0000000e+00   0.0000000e+00   0.0000000e+00  -2.2086672e-01
   2.6150849e-01  -8.2545940e-01   1.2490588e-01   2.0270255e-01  -8.2448964e-03   0.0000000e+00   0.0000000e+00   0.0000000e+00   0.0000000e+00   4.3985487e-01
   0.0000000e+00   0.0000000e+00   0.0000000e+00   0.0000000e+00   0.0000000e+00   4.0681206e-01   7.4180903e-01  -3.3263055e-01   7.3298630e-02   0.0000000e+00
   0.0000000e+00   0.0000000e+00   0.0000000e+00   0.0000000e+00   0.0000000e+00   8.0381545e-01  -1.8713206e-01   2.3126790e-01   7.8041559e-01   0.0000000e+00
   0.0000000e+00   0.0000000e+00   0.0000000e+00   0.0000000e+00   0.0000000e+00   3.3668321e-02   1.2010294e+00  -1.2343318e-01   6.0054806e-02   0.0000000e+00
   0.0000000e+00   0.0000000e+00   0.0000000e+00   0.0000000e+00   0.0000000e+00  -1.0649334e+00   5.6065204e-01   6.7385447e-01   1.2249139e-01   0.0000000e+00
  -4.1137947e-01   6.3714756e-02  -1.5269964e-01   1.3583747e-01   8.0949123e-01   0.0000000e+00   0.0000000e+00   0.0000000e+00   0.0000000e+00   3.6008655e-01
  -8.3788061e-02   0.0000000e+00   0.0000000e+00   7.7208648e-01   1.0864797e-01   0.0000000e+00  -8.8108990e-02   1.4331113e-01   5.9729087e-01   0.0000000e+00
   0.0000000e+00  -1.0088667e+00  -7.5425439e-02   0.0000000e+00   0.0000000e+00  -1.6000183e-01   0.0000000e+00   0.0000000e+00   0.0000000e+00   1.1075943e-01
   0.0000000e+00  -2.3256684e-01  -5.4284465e-01   0.0000000e+00   0.0000000e+00  -3.6766566e-01   0.0000000e+00   0.0000000e+00   0.0000000e+00   1.3955232e+00
   2.6182850e-01   0.0000000e+00   0.0000000e+00  -1.2515010e-01  -8.0549928e-01   0.0000000e+00  -4.3802783e-01   3.7234784e-02   2.7147630e-01   0.0000000e+00
  -1.3080753e-02   0.0000000e+00   0.0000000e+00  -4.9439913e-01   3.6372865e-01   0.0000000e+00  -2.4512776e-01   6.4721601e-01   3.7963626e-01   0.0000000e+00
   0.0000000e+00  -4.7677497e-01   2.2704812e-01   0.0000000e+00   0.0000000e+00   9.9891272e-01   0.0000000e+00   0.0000000e+00   0.0000000e+00   1.6545896e-01
  -3.4720002e-01   0.0000000e+00   0.0000000e+00   2.1322672e-01  -3.8113886e-01   0.0000000e+00   2.5355018e-01   6.9097371e-01  -3.8338925e-01   0.0000000e+00
   8.4761397e-01   0.0000000e+00   0.0000000e+00   2.5671857e-01   1.7115837e-01   0.0000000e+00  -5.5900050e-02   2.8382326e-01  -3.2042236e-01   0.0000000e+00
   2.9198801e-01   0.0000000e+00   0.0000000e+00  -1.8005379e-01  -1.8029413e-01   0.0000000e+00   8.2028549e-01   3.4447406e-02   4.1924068e-01   0.0000000e+00
   0.0000000e+00   2.0915462e-01   1.2806057e+00   0.0000000e+00   0.0000000e+00  -5.7789095e-01   0.0000000e+00   0.0000000e+00   0.0000000e+00  -3.4129261e-01
  -8.6787344e-01   0.0000000e+00   0.0000000e+00  -2.1810110e-01  -1.7734565e-01  -2.2385785e-01   3.4223313e-01   2.3243725e-02   0.0000000e+00   0.0000000e+00
   0.0000000e+00  -1.7177926e-02   1.6651250e-01   0.0000000e+00   0.0000000e+00   0.0000000e+00   0.0000000e+00   0.0000000e+00   2.2660545e-01  -1.3055222e+00
   0.0000000e+00   3.5407835e-01  -6.9044458e-01   0.0000000e+00   0.0000000e+00   0.0000000e+00   0.0000000e+00   0.0000000e+00   7.7554962e-01   6.9176425e-01
  -6.4834481e-02   0.0000000e+00   0.0000000e+00   2.8795328e-01   3.9750806e-01  -6.2710653e-01  -2.2304052e-01   5.5844164e-01   0.0000000e+00   0.0000000e+00
   1.1655916e-01   0.0000000e+00   0.0000000e+00  -1.9595902e-01  -1.6780536e-01   4.1084775e-01   2.9719298e-01   8.1408590e-01   0.0000000e+00   0.0000000e+00
  -1.7007474e-01   0.0000000e+00   0.0000000e+00   8.1636538e-01  -5.1911754e-01   1.5329434e-01  -8.4340469e-02   6.7280349e-02   0.0000000e+00   0.0000000e+00
  -9.0470870e-02   0.0000000e+00   0.0000000e+00   4.0095646e-01   6.4230463e-01   2.9891384e-01   5.6222260e-01  -1.1423645e-01   0.0000000e+00   0.0000000e+00
  -4.3805907e-01   0.0000000e+00   0.0000000e+00  -6.2420764e-02   3.1676326e-01   5.2438588e-01  -6.4930592e-01   8.5382708e-02   0.0000000e+00   0.0000000e+00
   0.0000000e+00   9.4029188e-01  -5.9221106e-01   0.0000000e+00   0.0000000e+00   0.0000000e+00   0.0000000e+00   0.0000000e+00  -4.3499463e-01  -5.1950658e-01
   0.0000000e+00  -1.3050250e-01   1.3506863e-01   0.0000000e+00   0.0000000e+00   0.0000000e+00   0.0000000e+00   0.0000000e+00  -1.2223182e+00  -3.0340321e-01
   7.6966399e-02   0.0000000e+00   8.2191618e-01  -2.9505714e-01  -2.8353914e-01  -3.3498245e-01   0.0000000e+00   0.0000000e+00   1.9713842e-01   0.0000000e+00
   0.0000000e+00  -3.1067065e-01   0.0000000e+00   0.0000000e+00   0.0000000e+00   0.0000000e+00  -7.9974586e-01  -2.7997392e-01   0.0000000e+00   3.0683047e-01
  -4.4325331e-01   0.0000000e+00   4.2592595e-01   3.0952646e-01  -1.6624940e-01   5.5242549e-01   0.0000000e+00   0.0000000e+00  -4.3987971e-01   0.0000000e+00
   8.6354441e-02   0.0000000e+00  -3.0429695e-01   1.4793343e-01  -9.3020955e-01  -1.0033629e-01   0.0000000e+00   0.0000000e+00  -5.2007597e-02   0.0000000e+00
   2.1354558e-01   0.0000000e+00   1.4843200e-01   6.3947373e-01   8.6037727e-03   2.4360342e-01   0.0000000e+00   0.0000000e+00   6.8119228e-01   0.0000000e+00
   1.6459532e-01   0.0000000e+00   1.1985986e-01   6.1235604e-01   1.6310360e-01  -6.0371598e-01   0.0000000e+00   0.0000000e+00  -4.3873261e-01   0.0000000e+00
   0.0000000e+00  -4.1977766e-01   0.0000000e+00   0.0000000e+00   0.0000000e+00   0.0000000e+00  -1.7430459e-01   7.2790932e-01   0.0000000e+00   1.9136613e-01
   0.0000000e+00  -1.7110744e-01   0.0000000e+00   0.0000000e+00   0.0000000e+00   0.0000000e+00  -7.3021368e-01   1.6332551e-01   0.0000000e+00  -5.3444211e-01
   8.4702553e-01   0.0000000e+00   1.1851494e-01  -1.0650720e-01  -2.6359665e-04   3.8565508e-01   0.0000000e+00   0.0000000e+00  -3.2928447e-01   0.0000000e+00
   0.0000000e+00   9.1614695e-01   0.0000000e+00   0.0000000e+00   0.0000000e+00   0.0000000e+00  -3.9199020e-01  -4.0671885e-01   0.0000000e+00   2.5621284e-01
   3.8841793e-01   5.9008499e-02   0.0000000e+00  -2.9352747e-01  -8.0258876e-01   2.4843060e-01   0.0000000e+00  -2.3156997e-01   0.0000000e+00   0.0000000e+00
  -7.8076713e-01   6.2492193e-02   0.0000000e+00  -3.2089377e-02  -4.9037724e-01  -3.7863993e-01   0.0000000e+00   4.0368990e-02   0.0000000e+00   0.0000000e+00
   0.0000000e+00   0.0000000e+00   2.6519063e-01   0.0000000e+00   0.0000000e+00   0.0000000e+00   1.2295190e+00   0.0000000e+00  -1.4514924e-01  -4.9195501e-01
  -4.0503464e-02   1.5375291e-01   0.0000000e+00   7.6349066e-01  -2.6390435e-01   4.2596607e-01   0.0000000e+00   3.7511189e-01   0.0000000e+00   0.0000000e+00
   3.7763895e-01  -5.7052372e-01   0.0000000e+00   2.6971038e-01  -2.1323861e-01  -5.9300454e-01   0.0000000e+00   2.4904363e-01   0.0000000e+00   0.0000000e+00
   2.8347759e-01   7.2944556e-01   0.0000000e+00  -1.4571403e-01  -1.0073610e-02  -3.8936235e-01   0.0000000e+00   4.6326293e-01   0.0000000e+00   0.0000000e+00
   0.0000000e+00   0.0000000e+00   1.0663863e-01   0.0000000e+00   0.0000000e+00   0.0000000e+00  -3.3012240e-01   0.0000000e+00   1.1673672e+00  -5.8770553e-01
  -1.2215952e-01  -3.3374336e-01   0.0000000e+00  -4.8571354e-01  -1.2796756e-02   3.3197820e-01   0.0000000e+00   7.2622414e-01   0.0000000e+00   0.0000000e+00
   0.0000000e+00   0.0000000e+00   3.4086484e-01   0.0000000e+00   0.0000000e+00   0.0000000e+00   1.5218099e-01   0.0000000e+00   3.3383359e-01   4.6881750e-01
   0.0000000e+00   0.0000000e+00   4.0726578e-01   0.0000000e+00   0.0000000e+00   0.0000000e+00  -3.6762487e-01   0.0000000e+00   5.9779877e-01  -4.9670627e-01
   2.6365961e-01   0.0000000e+00   4.1043198e-03  -8.5832170e-01   0.0000000e+00   0.0000000e+00  -2.3240259e-01  -1.6124272e-02  -3.7346977e-01   0.0000000e+00
   0.0000000e+00   6.4780774e-02   0.0000000e+00   0.0000000e+00   1.3798047e-01   6.7266781e-01   0.0000000e+00   0.0000000e+00   0.0000000e+00  -1.2015185e-01
  -2.4184318e-01   0.0000000e+00   1.7473536e-01   2.3231786e-01   0.0000000e+00   0.0000000e+00   2.2882565e-01  -3.3901095e-01  -8.3049277e-01   0.0000000e+00
  -6.0168126e-01   0.0000000e+00  -6.6843060e-01  -2.4590131e-01   0.0000000e+00   0.0000000e+00   4.8649424e-02  -3.3848475e-01   1.1736291e-01   0.0000000e+00
   0.0000000e+00   8.2812865e-01   0.0000000e+00   0.0000000e+00  -9.0297108e-01   6.7696228e-01   0.0000000e+00   0.0000000e+00   0.0000000e+00  -6.5213800e-01
   0.0000000e+00   6.6273815e-01   0.0000000e+00   0.0000000e+00   9.8036603e-01   1.6802751e-01   0.0000000e+00   0.0000000e+00   0.0000000e+00  -7.7576572e-01
   5.7843746e-01   0.0000000e+00  -1.4636594e-01  -2.9654286e-02   0.0000000e+00   0.0000000e+00   5.2350078e-01  -5.8196694e-01   1.7426749e-01   0.0000000e+00
   2.9979460e-01   0.0000000e+00  -2.9323405e-01   3.4971684e-01   0.0000000e+00   0.0000000e+00  -7.5038371e-01  -3.5494019e-01  -1.1303482e-01   0.0000000e+00
  -2.9241828e-01   0.0000000e+00   6.4439278e-01  -1.6019852e-01   0.0000000e+00   0.0000000e+00  -2.3266352e-01  -5.5278532e-01   3.3746409e-01   0.0000000e+00
   0.0000000e+00  -1.1159933e+00   0.0000000e+00   0.0000000e+00  -1.4900077e-01  -4.1361316e-01   0.0000000e+00   0.0000000e+00   0.0000000e+00  -1.0339680e+00
   9.6328612e-02  -1.6340334e-01   0.0000000e+00   0.0000000e+00   0.0000000e+00   5.0927398e-01  -5.6644878e-01   4.7958644e-01   0.0000000e+00  -3.9216423e-01
   5.9582906e-01  -2.1310651e-01   0.0000000e+00   0.0000000e+00   0.0000000e+00  -2.2014823e-01   3.4102442e-01  -8.9887619e-02   0.0000000e+00  -6.5324625e-01
   0.0000000e+00   0.0000000e+00   3.4154397e-01  -7.9516067e-01  -3.5191860e-01   0.0000000e+00   0.0000000e+00   0.0000000e+00  -5.5377360e-01   0.0000000e+00
   0.0000000e+00   0.0000000e+00   3.8826153e-01   1.1005498e+00  -5.0212221e-02   0.0000000e+00   0.0000000e+00   0.0000000e+00  -3.1992478e-02   0.0000000e+00
   0.0000000e+00   0.0000000e+00   1.4678306e+00  -2.9466734e-01  -2.8430526e-01   0.0000000e+00   0.0000000e+00   0.0000000e+00   4.2307972e-01   0.0000000e+00
   3.4132000e-01   6.5033196e-01   0.0000000e+00   0.0000000e+00   0.0000000e+00  -8.6753526e-02  -5.1354021e-01  -4.2752838e-01   0.0000000e+00  -8.0862634e-02
   6.5551877e-01  -3.8867068e-01   0.0000000e+00   0.0000000e+00   0.0000000e+00   1.2315805e-01  -1.3497928e-01  -4.7879438e-02   0.0000000e+00   6.1931454e-01
  -2.8477348e-01  -5.8860334e-01   0.0000000e+00   0.0000000e+00   0.0000000e+00  -3.4737255e-01  -4.7801459e-01  -4.5192421e-01   0.0000000e+00  -1.3801826e-01
   0.0000000e+00   0.0000000e+00   7.8380498e-01   5.9036039e-01  -2.5436512e-01   0.0000000e+00   0.0000000e+00   0.0000000e+00  -8.0894697e-01   0.0000000e+00
  -9.1697325e-02  -8.6223590e-02   0.0000000e+00   0.0000000e+00   0.0000000e+00   7.4081914e-01   2.2890440e-01  -6.1041676e-01   0.0000000e+00  -1.0167720e-01
  -3.0604639e-01  -2.2729647e-01   0.0000000e+00   6.9344663e-01   0.0000000e+00   0.0000000e+00   0.0000000e+00  -3.3381603e-01   3.1172476e-01  -4.0644584e-01
  -5.0422023e-02  -2.1668050e-02   0.0000000e+00  -2.7742929e-02   0.0000000e+00   0.0000000e+00   0.0000000e+00   6.0792589e-01   7.8458744e-01   1.0520032e-01
   0.0000000e+00   0.0000000e+00  -2.2186844e-02   0.0000000e+00  -7.6171854e-01  -6.8728141e-01  -4.4265151e-01   0.0000000e+00   0.0000000e+00   0.0000000e+00
   4.1124658e-02  -3.2847833e-01   0.0000000e+00   5.7927854e-02   0.0000000e+00   0.0000000e+00   0.0000000e+00   6.2318842e-01  -4.1017087e-01  -5.7484882e-01
   0.0000000e+00   0.0000000e+00  -7.6692634e-01   0.0000000e+00  -8.8841518e-02   9.6852309e-01  -1.4128619e-01   0.0000000e+00   0.0000000e+00   0.0000000e+00
   0.0000000e+00   0.0000000e+00  -2.3123061e-01   0.0000000e+00  -1.3469522e-02  -2.4050051e-01   1.0568574e+00   0.0000000e+00   0.0000000e+00   0.0000000e+00
   0.0000000e+00   0.0000000e+00   3.8849385e-01   0.0000000e+00   1.9943892e-01   6.2546238e-01  -4.0904278e-01   0.0000000e+00   0.0000000e+00   0.0000000e+00
   2.3984333e-01  -3.6886970e-02   0.0000000e+00   6.8038473e-01   0.0000000e+00   0.0000000e+00   0.0000000e+00   2.7362280e-01  -2.5173702e-01   5.8305247e-01
   6.6475730e-01  -6.6929462e-01   0.0000000e+00  -1.1824521e-01   0.0000000e+00   0.0000000e+00   0.0000000e+00  -2.3595090e-01   2.0027905e-01   1.9390326e-02
  -6.3456670e-01  -6.2502229e-01   0.0000000e+00  -1.9519516e-01   0.0000000e+00   0.0000000e+00   0.0000000e+00   9.3217386e-03  -1.2460683e-01   3.9109761e-01
  -1.0308128e-01   1.0029963e-01  -6.6307729e-01   0.0000000e+00   5.8476562e-01   0.0000000e+00   0.0000000e+00   0.0000000e+00   0.0000000e+00   0.0000000e+00
  -5.3387341e-01   3.1628395e-02  -7.0695461e-01   0.0000000e+00   6.1498194e-01   0.0000000e+00   0.0000000e+00   0.0000000e+00   0.0000000e+00   0.0000000e+00
  -6.6009594e-01   5.0847905e-01  -1.9756560e-01   0.0000000e+00  -7.1807128e-01   0.0000000e+00   0.0000000e+00   0.0000000e+00   0.0000000e+00   0.0000000e+00
   0.0000000e+00   0.0000000e+00   0.0000000e+00   7.0835943e-02   0.0000000e+00  -2.4394159e-01  -4.1274323e-01  -5.0182362e-01   4.4481542e-01  -5.6163163e-01
  -4.9220620e-01   8.2627958e-01   6.6755573e-01   0.0000000e+00   6.7319515e-01   0.0000000e+00   0.0000000e+00   0.0000000e+00   0.0000000e+00   0.0000000e+00
   0.0000000e+00   0.0000000e+00   0.0000000e+00  -7.1535850e-01   0.0000000e+00  -6.4320643e-01   1.6821266e-02   2.1963774e-01  -1.1642187e-01  -1.1166894e-01
   0.0000000e+00   0.0000000e+00   0.0000000e+00  -2.6377128e-01   0.0000000e+00  -3.4578502e-03  -4.3507421e-01  -4.9295176e-01  -2.9370052e-02   7.0516604e-01
   0.0000000e+00   0.0000000e+00   0.0000000e+00  -2.2014767e-01   0.0000000e+00   4.0407618e-01  -6.5957856e-01   5.6282736e-01   1.7002225e-01  -8.6783414e-02
   0.0000000e+00   0.0000000e+00   0.0000000e+00  -5.6237257e-01   0.0000000e+00   4.9615854e-01   4.3639209e-01  -2.0971540e-01   4.4575100e-01  -6.6717606e-02
   0.0000000e+00   0.0000000e+00   0.0000000e+00   2.2122680e-01   0.0000000e+00  -3.4251302e-01   1.2078313e-01   3.1012205e-01   7.4841236e-01   4.0355696e-01
