  -3.3475229e-01  -5.3554184e-01   0.0000000e+00   0.0000000e+00   0.0000000e+00   0.0000000e+00   0.0000000e+00   0.0000000e+00  -5.9178040e-02   0.0000000e+00   0.0000000e+00   0.0000000e+00   0.0000000e+00  -1.4583905e-01   0.0000000e+00   0.0000000e+00   0.0000000e+00   4.4184540e-01   0.0000000e+00  -6.1736328e-01
  -3.2260723e-02  -9.8692737e-02   0.0000000e+00   0.0000000e+00   0.0000000e+00   0.0000000e+00   0.0000000e+00   0.0000000e+00  -1.6375096e-01   0.0000000e+00   0.0000000e+00   0.0000000e+00   0.0000000e+00  -3.0290796e-01   0.0000000e+00   0.0000000e+00   0.0000000e+00  -8.3835420e-01   0.0000000e+00  -4.0965060e-01
   0.0000000e+00   0.0000000e+00   7.6511003e-01   0.0000000e+00   2.5421900e-01   0.0000000e+00   0.0000000e+00   2.7147328e-01   0.0000000e+00   0.0000000e+00   6.9223591e-02  -1.4136353e-02   4.1794394e-01   0.0000000e+00   1.2557553e-01   0.0000000e+00   0.0000000e+00   0.0000000e+00  -2.8432993e-01   0.0000000e+00
   0.0000000e+00   0.0000000e+00   0.0000000e+00  -9.6450547e-03   0.0000000e+00   9.4853546e-01   1.1699919e-02   0.0000000e+00   0.0000000e+00   5.2029572e-01   0.0000000e+00   0.0000000e+00   0.0000000e+00   0.0000000e+00   0.0000000e+00   9.2339145e-01   5.9996822e-01   0.0000000e+00   0.0000000e+00   0.0000000e+00
   0.0000000e+00   0.0000000e+00  -2.8847689e-01   0.0000000e+00   3.1187994e-01   0.0000000e+00   0.0000000e+00   4.6508011e-01   0.0000000e+00   0.0000000e+00  -2.9539231e-01   3.6713552e-01   1.6540247e-01   0.0000000e+00  -5.7450036e-01   0.0000000e+00   0.0000000e+00   0.0000000e+00  -1.5413867e-01   0.0000000e+00
   0.0000000e+00   0.0000000e+00   0.0000000e+00  -7.1301784e-01   0.0000000e+00  -3.2192951e-01   1.1276130e+00   0.0000000e+00   0.0000000e+00  -7.8485392e-01   0.0000000e+00   0.0000000e+00   0.0000000e+00   0.0000000e+00   0.0000000e+00   8.7974923e-01   3.6389011e-02   0.0000000e+00   0.0000000e+00   0.0000000e+00
   0.0000000e+00   0.0000000e+00   0.0000000e+00  -4.9842739e-01   0.0000000e+00   6.8135465e-02  -8.1322190e-01   0.0000000e+00   0.0000000e+00  -1.0845464e+00   0.0000000e+00   0.0000000e+00   0.0000000e+00   0.0000000e+00   0.0000000e+00  -4.4406644e-01   1.9170515e-01   0.0000000e+00   0.0000000e+00   0.0000000e+00
   0.0000000e+00   0.0000000e+00  -3.2554314e-01   0.0000000e+00  -3.5067957e-02   0.0000000e+00   0.0000000e+00   5.8462713e-01   0.0000000e+00   0.0000000e+00  -2.1621527e-01  -6.9597489e-02   2.8998658e-02   0.0000000e+00   7.0469081e-01   0.0000000e+00   0.0000000e+00   0.0000000e+00  -4.4498380e-02   0.0000000e+00
  -8.4973871e-02  -1.9394285e-01   0.0000000e+00   0.0000000e+00   0.0000000e+00   0.0000000e+00   0.0000000e+00   0.0000000e+00   1.4608753e-01   0.0000000e+00   0.0000000e+00   0.0000000e+00   0.0000000e+00  -8.4728445e-01   0.0000000e+00   0.0000000e+00   0.0000000e+00   8.0031652e-02   0.0000000e+00   4.5774234e-01
   0.0000000e+00   0.0000000e+00   0.0000000e+00   1.0846509e+00   0.0000000e+00   4.6427547e-01  -1.7216851e-01   0.0000000e+00   0.0000000e+00  -6.9676027e-01   0.0000000e+00   0.0000000e+00   0.0000000e+00   0.0000000e+00   0.0000000e+00   7.3487160e-01   5.4230435e-01   0.0000000e+00   0.0000000e+00   0.0000000e+00
   0.0000000e+00   0.0000000e+00   1.9765494e-01   0.0000000e+00  -8.8746749e-01   0.0000000e+00   0.0000000e+00   2.6305305e-01   0.0000000e+00   0.0000000e+00  -1.6463426e-01   6.5435584e-02   1.4622840e-01   0.0000000e+00  -2.1703299e-01   0.0000000e+00   0.0000000e+00   0.0000000e+00   6.5305122e-02   0.0000000e+00
   0.0000000e+00   0.0000000e+00  -2.7305768e-02   0.0000000e+00   5.4389271e-02   0.0000000e+00   0.0000000e+00  -1.3455597e-01   0.0000000e+00   0.0000000e+00   8.7183311e-02   5.4041730e-01   4.8098196e-01   0.0000000e+00   2.0230197e-01   0.0000000e+00   0.0000000e+00   0.0000000e+00   6.3739264e-01   0.0000000e+00
   0.0000000e+00   0.0000000e+00  -3.8435804e-01   0.0000000e+00  -1.9476475e-01   0.0000000e+00   0.0000000e+00  -2.7414297e-01   0.0000000e+00   0.0000000e+00   3.0256961e-01   9.8335224e-02   5.1948025e-01   0.0000000e+00   8.3404805e-02   0.0000000e+00   0.0000000e+00   0.0000000e+00  -6.0095503e-01   0.0000000e+00
  -3.4199455e-01   1.4758660e-01   0.0000000e+00   0.0000000e+00   0.0000000e+00   0.0000000e+00   0.0000000e+00   0.0000000e+00  -8.9974833e-01   0.0000000e+00   0.0000000e+00   0.0000000e+00   0.0000000e+00  -3.3643538e-02   0.0000000e+00   0.0000000e+00   0.0000000e+00   8.1205204e-02   0.0000000e+00   2.0972528e-01
   0.0000000e+00   0.0000000e+00   1.5612541e-01   0.0000000e+00  -9.1506743e-02   0.0000000e+00   0.0000000e+00   5.1771179e-02   0.0000000e+00   0.0000000e+00   2.4405451e-01   7.2231141e-01  -5.2333300e-01   0.0000000e+00   1.7463825e-01   0.0000000e+00   0.0000000e+00   0.0000000e+00  -2.8088929e-01   0.0000000e+00
   0.0000000e+00   0.0000000e+00   0.0000000e+00   1.9838484e-01   0.0000000e+00   7.7703930e-01   3.9012469e-01   0.0000000e+00   0.0000000e+00  -1.3774593e-01   0.0000000e+00   0.0000000e+00   0.0000000e+00   0.0000000e+00   0.0000000e+00   2.4882254e-01  -1.4531598e+00   0.0000000e+00   0.0000000e+00   0.0000000e+00
   0.0000000e+00   0.0000000e+00   0.0000000e+00  -1.2459115e-01   0.0000000e+00  -8.8563326e-01  -7.0957972e-01   0.0000000e+00   0.0000000e+00   7.4691997e-01   0.0000000e+00   0.0000000e+00   0.0000000e+00   0.0000000e+00   0.0000000e+00   1.0038976e+00  -1.8074030e-02   0.0000000e+00   0.0000000e+00   0.0000000e+00
  -4.4073972e-01  -5.9132822e-01   0.0000000e+00   0.0000000e+00   0.0000000e+00   0.0000000e+00   0.0000000e+00   0.0000000e+00   1.2910381e-01   0.0000000e+00   0.0000000e+00   0.0000000e+00   0.0000000e+00   4.0683972e-01   0.0000000e+00   0.0000000e+00   0.0000000e+00  -2.9640116e-01   0.0000000e+00   4.3132289e-01
   0.0000000e+00   0.0000000e+00   1.1614675e-01   0.0000000e+00   3.2125127e-03   0.0000000e+00   0.0000000e+00  -4.5064068e-01   0.0000000e+00   0.0000000e+00  -8.2181877e-01   1.8008776e-01   2.5698570e-02   0.0000000e+00   1.7918342e-01   0.0000000e+00   0.0000000e+00   0.0000000e+00  -2.0697290e-01   0.0000000e+00
   7.5396805e-01  -5.4257717e-01   0.0000000e+00   0.0000000e+00   0.0000000e+00   0.0000000e+00   0.0000000e+00   0.0000000e+00  -3.4946698e-01   0.0000000e+00   0.0000000e+00   0.0000000e+00   0.0000000e+00   4.9359514e-02   0.0000000e+00   0.0000000e+00   0.0000000e+00   3.2891866e-02   0.0000000e+00   1.0722309e-01
  -5.1393001e-01   2.0614407e-01   0.0000000e+00   0.0000000e+00   3.3314051e-01   0.0000000e+00   0.0000000e+00  -2.5618266e-01   0.0000000e+00  -3.1527690e-01   0.0000000e+00   0.0000000e+00   0.0000000e+00   0.0000000e+00   0.0000000e+00  -5.2992828e-01   0.0000000e+00  -1.7848686e-01   0.0000000e+00   3.2355424e-01
   7.2639181e-02  -3.9560215e-01   0.0000000e+00   0.0000000e+00   6.5254652e-02   0.0000000e+00   0.0000000e+00  -5.9294699e-01   0.0000000e+00  -5.7295062e-01   0.0000000e+00   0.0000000e+00   0.0000000e+00   0.0000000e+00   0.0000000e+00   3.1260904e-01   0.0000000e+00   2.1733313e-01   0.0000000e+00  -9.5643416e-02
   0.0000000e+00   0.0000000e+00  -3.7727155e-01  -2.6174762e-01   0.0000000e+00  -4.0108986e-01  -7.8540992e-01   0.0000000e+00   0.0000000e+00   0.0000000e+00   0.0000000e+00  -6.7046302e-02   0.0000000e+00   0.0000000e+00   0.0000000e+00   0.0000000e+00  -8.3170461e-02   0.0000000e+00   0.0000000e+00   0.0000000e+00
   0.0000000e+00   0.0000000e+00  -3.7259670e-01  -3.3667882e-01   0.0000000e+00  -3.9860942e-01   4.4919404e-01   0.0000000e+00   0.0000000e+00   0.0000000e+00   0.0000000e+00  -1.9813788e-01   0.0000000e+00   0.0000000e+00   0.0000000e+00   0.0000000e+00   5.8982684e-01   0.0000000e+00   0.0000000e+00   0.0000000e+00
   5.9433299e-01   1.3508689e-01   0.0000000e+00   0.0000000e+00   4.0751906e-01   0.0000000e+00   0.0000000e+00  -2.7378374e-01   0.0000000e+00   2.5033837e-01   0.0000000e+00   0.0000000e+00   0.0000000e+00   0.0000000e+00   0.0000000e+00  -3.8111665e-01   0.0000000e+00   4.1764586e-01   0.0000000e+00   7.1716415e-02
   0.0000000e+00   0.0000000e+00   8.1462539e-01  -4.7091577e-01   0.0000000e+00  -1.7134267e-01  -1.5551083e-01   0.0000000e+00   0.0000000e+00   0.0000000e+00   0.0000000e+00  -1.4605419e-01   0.0000000e+00   0.0000000e+00   0.0000000e+00   0.0000000e+00   1.9937416e-01   0.0000000e+00   0.0000000e+00   0.0000000e+00
   0.0000000e+00   0.0000000e+00   8.1718555e-03  -2.9824620e-01   0.0000000e+00  -4.5387435e-01   3.9430229e-01   0.0000000e+00   0.0000000e+00   0.0000000e+00   0.0000000e+00   1.2163549e-01   0.0000000e+00   0.0000000e+00   0.0000000e+00   0.0000000e+00  -7.3123936e-01   0.0000000e+00   0.0000000e+00   0.0000000e+00
  -3.1932813e-01  -1.0260474e-01   0.0000000e+00   0.0000000e+00  -4.8356211e-01   0.0000000e+00   0.0000000e+00  -5.0559653e-02   0.0000000e+00   4.9990067e-02   0.0000000e+00   0.0000000e+00   0.0000000e+00   0.0000000e+00   0.0000000e+00  -4.5468570e-01   0.0000000e+00   5.4642318e-01   0.0000000e+00  -3.7854568e-01
   0.0000000e+00   0.0000000e+00   0.0000000e+00   0.0000000e+00   0.0000000e+00   0.0000000e+00   0.0000000e+00   0.0000000e+00  -5.6290205e-01   0.0000000e+00   3.3531623e-01   0.0000000e+00   1.1363739e-01   5.2371448e-01   5.8278792e-02   0.0000000e+00   0.0000000e+00   0.0000000e+00  -1.3182702e+00   0.0000000e+00
   3.7911006e-01   2.8205893e-01   0.0000000e+00   0.0000000e+00  -9.6839238e-02   0.0000000e+00   0.0000000e+00   6.3787544e-02   0.0000000e+00  -4.4301923e-01   0.0000000e+00   0.0000000e+00   0.0000000e+00   0.0000000e+00   0.0000000e+00  -2.9541715e-01   0.0000000e+00  -4.0154187e-01   0.0000000e+00  -5.6435665e-01
   0.0000000e+00   0.0000000e+00   0.0000000e+00   0.0000000e+00   0.0000000e+00   0.0000000e+00   0.0000000e+00   0.0000000e+00   4.2645314e-01   0.0000000e+00  -1.0178435e+00   0.0000000e+00   4.2871629e-02   9.2863718e-01  -7.3805983e-01   0.0000000e+00   0.0000000e+00   0.0000000e+00   6.0559202e-01   0.0000000e+00
   0.0000000e+00   0.0000000e+00  -1.9859102e-01  -4.8665611e-01   0.0000000e+00   5.7602917e-01   3.7869647e-02   0.0000000e+00   0.0000000e+00   0.0000000e+00   0.0000000e+00  -5.7819003e-01   0.0000000e+00   0.0000000e+00   0.0000000e+00   0.0000000e+00  -2.3702325e-01   0.0000000e+00   0.0000000e+00   0.0000000e+00
   0.0000000e+00   0.0000000e+00   0.0000000e+00   0.0000000e+00   0.0000000e+00   0.0000000e+00   0.0000000e+00   0.0000000e+00  -6.4068536e-02   0.0000000e+00  -1.1744613e-01   0.0000000e+00   1.2209371e+00   1.6462372e-01   1.4213336e-02   0.0000000e+00   0.0000000e+00   0.0000000e+00  -1.8928864e-01   0.0000000e+00
   0.0000000e+00   0.0000000e+00   0.0000000e+00   0.0000000e+00   0.0000000e+00   0.0000000e+00   0.0000000e+00   0.0000000e+00   3.9496622e-01   0.0000000e+00   8.9435027e-01   0.0000000e+00   4.1710301e-02  -4.3724366e-01  -7.9859341e-01   0.0000000e+00   0.0000000e+00   0.0000000e+00  -1.9779132e-01   0.0000000e+00
   0.0000000e+00   0.0000000e+00   0.0000000e+00   0.0000000e+00   0.0000000e+00   0.0000000e+00   0.0000000e+00   0.0000000e+00  -1.3780880e+00   0.0000000e+00  -7.5875438e-02   0.0000000e+00  -3.8208026e-01  -3.2740763e-01  -3.2577634e-01   0.0000000e+00   0.0000000e+00   0.0000000e+00   6.6359970e-01   0.0000000e+00
  -1.3087083e-01   6.6658322e-01   0.0000000e+00   0.0000000e+00   1.4921161e-01   0.0000000e+00   0.0000000e+00   2.2750743e-01   0.0000000e+00  -3.0625329e-01   0.0000000e+00   0.0000000e+00   0.0000000e+00   0.0000000e+00   0.0000000e+00   3.5609693e-01   0.0000000e+00   4.9132217e-01   0.0000000e+00  -5.0222791e-02
   0.0000000e+00   0.0000000e+00  -1.2537215e-01  -5.2018163e-01   0.0000000e+00   3.3625527e-01  -1.6246430e-02   0.0000000e+00   0.0000000e+00   0.0000000e+00   0.0000000e+00   7.6538582e-01   0.0000000e+00   0.0000000e+00   0.0000000e+00   0.0000000e+00   1.2060633e-01   0.0000000e+00   0.0000000e+00   0.0000000e+00
   3.3120943e-01   1.0808449e-01   0.0000000e+00   0.0000000e+00  -5.9231368e-01   0.0000000e+00   0.0000000e+00   5.1462545e-02   0.0000000e+00  -3.0433324e-01   0.0000000e+00   0.0000000e+00   0.0000000e+00   0.0000000e+00   0.0000000e+00  -1.2450240e-01   0.0000000e+00   6.3859151e-02   0.0000000e+00   6.4260144e-01
   0.0000000e+00   0.0000000e+00   0.0000000e+00   0.0000000e+00   0.0000000e+00   0.0000000e+00   0.0000000e+00   0.0000000e+00  -1.7249697e-01   0.0000000e+00   9.5649526e-01   0.0000000e+00  -5.3975850e-01   9.2878162e-01   4.4893205e-01   0.0000000e+00   0.0000000e+00   0.0000000e+00   7.6962801e-01   0.0000000e+00
   6.9613553e-02  -4.8647167e-01   0.0000000e+00   0.0000000e+00   3.1996514e-01   0.0000000e+00   0.0000000e+00   6.6842622e-01   0.0000000e+00  -3.5282278e-01   0.0000000e+00   0.0000000e+00   0.0000000e+00   0.0000000e+00   0.0000000e+00  -1.9971343e-01   0.0000000e+00   2.0295578e-01   0.0000000e+00   6.1380355e-02
  -8.2135813e-01   0.0000000e+00   1.6810698e-01   7.9297076e-01   0.0000000e+00   0.0000000e+00   0.0000000e+00   0.0000000e+00   0.0000000e+00   7.0257812e-01   0.0000000e+00   0.0000000e+00   0.0000000e+00   0.0000000e+00   0.0000000e+00   0.0000000e+00   2.3878971e-01   0.0000000e+00   0.0000000e+00  -6.8366701e-01
   0.0000000e+00  -1.9925617e-01   0.0000000e+00   0.0000000e+00  -2.1968783e-02   5.5144271e-01   1.7562259e-02   5.7881810e-01   0.0000000e+00   0.0000000e+00   3.9363359e-01   0.0000000e+00   0.0000000e+00   0.0000000e+00   0.0000000e+00  -1.9898801e-01   0.0000000e+00   0.0000000e+00   3.5474333e-01   0.0000000e+00
   1.2924882e+00   0.0000000e+00  -1.9126422e-01  -1.4612823e-02   0.0000000e+00   0.0000000e+00   0.0000000e+00   0.0000000e+00   0.0000000e+00   9.8078865e-01   0.0000000e+00   0.0000000e+00   0.0000000e+00   0.0000000e+00   0.0000000e+00   0.0000000e+00  -3.2475447e-01   0.0000000e+00   0.0000000e+00  -1.0544789e-02
   2.1230384e-01   0.0000000e+00   3.7537809e-01   8.4625800e-01   0.0000000e+00   0.0000000e+00   0.0000000e+00   0.0000000e+00   0.0000000e+00  -1.0885763e-01   0.0000000e+00   0.0000000e+00   0.0000000e+00   0.0000000e+00   0.0000000e+00   0.0000000e+00   5.7232270e-01   0.0000000e+00   0.0000000e+00   1.1624648e+00
   0.0000000e+00   8.8964814e-02   0.0000000e+00   0.0000000e+00   5.8454163e-01   2.4408699e-01  -1.3891579e-01  -5.1222518e-01   0.0000000e+00   0.0000000e+00   9.4035166e-02   0.0000000e+00   0.0000000e+00   0.0000000e+00   0.0000000e+00  -5.2727410e-01   0.0000000e+00   0.0000000e+00   1.4928180e-01   0.0000000e+00
   0.0000000e+00   6.2972421e-01   0.0000000e+00   0.0000000e+00   1.5029869e-01  -2.7860537e-01  -2.9934650e-01   4.7618751e-01   0.0000000e+00   0.0000000e+00  -2.8914581e-01   0.0000000e+00   0.0000000e+00   0.0000000e+00   0.0000000e+00  -2.2699628e-01   0.0000000e+00   0.0000000e+00   2.2746711e-01   0.0000000e+00
   0.0000000e+00  -9.3202479e-02   0.0000000e+00   0.0000000e+00   3.7729598e-01  -3.2779969e-01   2.2527626e-01  -5.9863083e-02   0.0000000e+00   0.0000000e+00   1.4068073e-01   0.0000000e+00   0.0000000e+00   0.0000000e+00   0.0000000e+00   4.6488495e-01   0.0000000e+00   0.0000000e+00   6.7176360e-01   0.0000000e+00
   0.0000000e+00  -8.1479341e-03   0.0000000e+00   0.0000000e+00   4.6452558e-01  -2.2602877e-01   6.0445911e-01   3.3202072e-01   0.0000000e+00   0.0000000e+00   1.4343914e-01   0.0000000e+00   0.0000000e+00   0.0000000e+00   0.0000000e+00  -1.7574256e-01   0.0000000e+00   0.0000000e+00  -4.5386318e-01   0.0000000e+00
   0.0000000e+00   0.0000000e+00   0.0000000e+00   0.0000000e+00   0.0000000e+00   0.0000000e+00   0.0000000e+00   0.0000000e+00  -5.3985392e-01   0.0000000e+00   0.0000000e+00   6.6633543e-01  -1.7463424e-01   6.3811228e-02   4.7951070e-01   0.0000000e+00   0.0000000e+00  -7.4380143e-03   0.0000000e+00   0.0000000e+00
   6.0467261e-01   0.0000000e+00   8.5636337e-01  -1.2443244e-01   0.0000000e+00   0.0000000e+00   0.0000000e+00   0.0000000e+00   0.0000000e+00  -5.2332408e-01   0.0000000e+00   0.0000000e+00   0.0000000e+00   0.0000000e+00   0.0000000e+00   0.0000000e+00  -6.5609328e-01   0.0000000e+00   0.0000000e+00  -3.1813157e-02
   0.0000000e+00  -1.2576379e-01   0.0000000e+00   0.0000000e+00  -3.9816062e-01  -1.5739635e-01   5.1517395e-01  -1.0692944e-01   0.0000000e+00   0.0000000e+00  -3.3377583e-01   0.0000000e+00   0.0000000e+00   0.0000000e+00   0.0000000e+00  -5.2014457e-01   0.0000000e+00   0.0000000e+00   3.7693923e-01   0.0000000e+00
   0.0000000e+00   0.0000000e+00   0.0000000e+00   0.0000000e+00   0.0000000e+00   0.0000000e+00   0.0000000e+00   0.0000000e+00   6.1013922e-01   0.0000000e+00   0.0000000e+00   1.7840402e-01   1.8179905e-01   1.7542400e-01   4.7326338e-01   0.0000000e+00   0.0000000e+00  -5.5506705e-01   0.0000000e+00   0.0000000e+00
   0.0000000e+00   0.0000000e+00   0.0000000e+00   0.0000000e+00   0.0000000e+00   0.0000000e+00   0.0000000e+00   0.0000000e+00  -5.2683210e-01   0.0000000e+00   0.0000000e+00  -3.3745107e-01   2.9318861e-01  -2.7099710e-01   8.2418127e-03   0.0000000e+00   0.0000000e+00  -6.7015506e-01   0.0000000e+00   0.0000000e+00
   0.0000000e+00   0.0000000e+00   0.0000000e+00   0.0000000e+00   0.0000000e+00   0.0000000e+00   0.0000000e+00   0.0000000e+00   1.3850803e-01   0.0000000e+00   0.0000000e+00  -5.5483774e-02  -8.5664061e-01  -3.9329627e-01  -3.1212514e-02   0.0000000e+00   0.0000000e+00  -2.9706526e-01   0.0000000e+00   0.0000000e+00
   0.0000000e+00   0.0000000e+00   0.0000000e+00   0.0000000e+00   0.0000000e+00   0.0000000e+00   0.0000000e+00   0.0000000e+00  -1.9036454e-01   0.0000000e+00   0.0000000e+00  -2.4634906e-01  -3.2885003e-01   8.5752441e-01  -1.0925651e-01   0.0000000e+00   0.0000000e+00  -2.1827975e-01   0.0000000e+00   0.0000000e+00
   0.0000000e+00  -2.8015811e-01   0.0000000e+00   0.0000000e+00  -1.5712640e-01  -6.0971736e-01  -3.5224376e-01   1.5345744e-02   0.0000000e+00   0.0000000e+00   5.3832775e-01   0.0000000e+00   0.0000000e+00   0.0000000e+00   0.0000000e+00  -3.3292453e-01   0.0000000e+00   0.0000000e+00  -1.0991017e-02   0.0000000e+00
   9.7377606e-01   0.0000000e+00  -4.3631370e-01   6.5367214e-01   0.0000000e+00   0.0000000e+00   0.0000000e+00   0.0000000e+00   0.0000000e+00  -4.4140355e-01   0.0000000e+00   0.0000000e+00   0.0000000e+00   0.0000000e+00   0.0000000e+00   0.0000000e+00  -1.8233765e-04   0.0000000e+00   0.0000000e+00  -6.4294089e-01
   0.0000000e+00   0.0000000e+00   0.0000000e+00   0.0000000e+00   0.0000000e+00   0.0000000e+00   0.0000000e+00   0.0000000e+00   5.7555868e-02   0.0000000e+00   0.0000000e+00   5.8866762e-01   9.2287334e-02   4.1049444e-02  -7.3014528e-01   0.0000000e+00   0.0000000e+00  -3.2686943e-01   0.0000000e+00   0.0000000e+00
   0.0000000e+00   6.7288295e-01   0.0000000e+00   0.0000000e+00  -3.0640152e-01   6.0340841e-02   2.9186566e-01  -2.2438736e-01   0.0000000e+00   0.0000000e+00   5.5770579e-01   0.0000000e+00   0.0000000e+00   0.0000000e+00   0.0000000e+00   4.9657872e-02   0.0000000e+00   0.0000000e+00   2.5859617e-02   0.0000000e+00
  -3.8884872e-01   0.0000000e+00  -2.2765886e-01   2.3393083e-01   0.0000000e+00   0.0000000e+00   0.0000000e+00   0.0000000e+00   0.0000000e+00  -3.2438133e-01   0.0000000e+00   0.0000000e+00   0.0000000e+00   0.0000000e+00   0.0000000e+00   0.0000000e+00  -9.7029657e-01   0.0000000e+00   0.0000000e+00   4.5607608e-01
  -3.6376351e-01   6.0063502e-01   0.0000000e+00   0.0000000e+00   0.0000000e+00   0.0000000e+00   6.8792273e-01   0.0000000e+00   0.0000000e+00   0.0000000e+00  -9.0161371e-02   0.0000000e+00   0.0000000e+00   1.3472179e-01  -2.9041501e-02   0.0000000e+00   0.0000000e+00   0.0000000e+00  -7.5470264e-02  -2.9288001e-02
  -3.2159296e-01  -5.6489184e-01   0.0000000e+00   0.0000000e+00   0.0000000e+00   0.0000000e+00   1.7305829e-01   0.0000000e+00   0.0000000e+00   0.0000000e+00  -5.1909477e-01   0.0000000e+00   0.0000000e+00   3.8002649e-01   1.7746776e-01   0.0000000e+00   0.0000000e+00   0.0000000e+00  -1.4063389e-02  -3.1930221e-01
   0.0000000e+00   0.0000000e+00   6.3334147e-01   3.1616573e-01   0.0000000e+00   0.0000000e+00   0.0000000e+00   0.0000000e+00   0.0000000e+00   4.7771500e-01   0.0000000e+00  -6.2424634e-02  -1.4743364e-01   0.0000000e+00   0.0000000e+00   0.0000000e+00   0.0000000e+00   4.9504817e-01   0.0000000e+00   0.0000000e+00
   0.0000000e+00   0.0000000e+00  -1.2630517e-01   5.4046636e-01   0.0000000e+00   0.0000000e+00   0.0000000e+00   0.0000000e+00   0.0000000e+00   1.5543666e-01   0.0000000e+00  -4.9793204e-01  -3.9465454e-01   0.0000000e+00   0.0000000e+00   0.0000000e+00   0.0000000e+00  -5.1390080e-01   0.0000000e+00   0.0000000e+00
   0.0000000e+00   0.0000000e+00   0.0000000e+00   0.0000000e+00   2.2384250e-01  -1.7844064e-01   0.0000000e+00  -6.7252915e-01  -1.9509752e-01   0.0000000e+00   0.0000000e+00   0.0000000e+00   0.0000000e+00   0.0000000e+00   0.0000000e+00  -8.2127831e-01  -7.2988364e-01   0.0000000e+00   0.0000000e+00   0.0000000e+00
   0.0000000e+00   0.0000000e+00   0.0000000e+00   0.0000000e+00  -1.3327200e+00   6.1812808e-01   0.0000000e+00  -6.5930431e-01   3.3853789e-02   0.0000000e+00   0.0000000e+00   0.0000000e+00   0.0000000e+00   0.0000000e+00   0.0000000e+00  -5.0348236e-01   5.3053202e-01   0.0000000e+00   0.0000000e+00   0.0000000e+00
  -7.5741627e-01   4.8831701e-02   0.0000000e+00   0.0000000e+00   0.0000000e+00   0.0000000e+00  -4.5673342e-01   0.0000000e+00   0.0000000e+00   0.0000000e+00   1.1065162e-01   0.0000000e+00   0.0000000e+00  -6.9949636e-02  -3.8690883e-01   0.0000000e+00   0.0000000e+00   0.0000000e+00  -2.1660357e-01  -3.9728665e-02
   0.0000000e+00   0.0000000e+00   0.0000000e+00   0.0000000e+00  -4.3180210e-01  -9.3898308e-02   0.0000000e+00  -1.1184793e-01   1.5326463e+00   0.0000000e+00   0.0000000e+00   0.0000000e+00   0.0000000e+00   0.0000000e+00   0.0000000e+00   3.7527877e-01  -9.8142154e-01   0.0000000e+00   0.0000000e+00   0.0000000e+00
   0.0000000e+00   0.0000000e+00   0.0000000e+00   0.0000000e+00   2.3003299e-01  -6.9552730e-01   0.0000000e+00   6.5424193e-01   2.7816541e-01   0.0000000e+00   0.0000000e+00   0.0000000e+00   0.0000000e+00   0.0000000e+00   0.0000000e+00  -1.0731976e+00  -5.1112736e-02   0.0000000e+00   0.0000000e+00   0.0000000e+00
   0.0000000e+00   0.0000000e+00  -1.5447413e-01   5.6195578e-01   0.0000000e+00   0.0000000e+00   0.0000000e+00   0.0000000e+00   0.0000000e+00   3.7178295e-02   0.0000000e+00  -2.4020247e-02   8.1036394e-01   0.0000000e+00   0.0000000e+00   0.0000000e+00   0.0000000e+00   4.1164740e-02   0.0000000e+00   0.0000000e+00
  -1.0971721e-01  -3.9956843e-01   0.0000000e+00   0.0000000e+00   0.0000000e+00   0.0000000e+00   3.5951493e-01   0.0000000e+00   0.0000000e+00   0.0000000e+00   6.6979418e-01   0.0000000e+00   0.0000000e+00   2.2314824e-01  -2.9726602e-01   0.0000000e+00   0.0000000e+00   0.0000000e+00   3.3494670e-01   8.9702944e-03
   0.0000000e+00   0.0000000e+00  -4.5634985e-01   2.9813177e-01   0.0000000e+00   0.0000000e+00   0.0000000e+00   0.0000000e+00   0.0000000e+00   3.3890889e-01   0.0000000e+00   7.0579342e-01  -2.9183976e-01   0.0000000e+00   0.0000000e+00   0.0000000e+00   0.0000000e+00   6.8470663e-02   0.0000000e+00   0.0000000e+00
   0.0000000e+00   0.0000000e+00   5.8594600e-01   8.9915940e-02   0.0000000e+00   0.0000000e+00   0.0000000e+00   0.0000000e+00   0.0000000e+00  -9.2649014e-02   0.0000000e+00   4.8743196e-01   9.9862565e-02   0.0000000e+00   0.0000000e+00   0.0000000e+00   0.0000000e+00  -6.2644722e-01   0.0000000e+00   0.0000000e+00
   1.6102817e-01   3.5610767e-01   0.0000000e+00   0.0000000e+00   0.0000000e+00   0.0000000e+00  -3.0671246e-01   0.0000000e+00   0.0000000e+00   0.0000000e+00  -1.5998598e-01   0.0000000e+00   0.0000000e+00   4.7244310e-01  -3.1049957e-01   0.0000000e+00   0.0000000e+00   0.0000000e+00   5.4528175e-01  -3.3263276e-01
   7.1831183e-02  -9.8906754e-02   0.0000000e+00   0.0000000e+00   0.0000000e+00   0.0000000e+00   3.6338584e-02   0.0000000e+00   0.0000000e+00   0.0000000e+00  -3.3603778e-01   0.0000000e+00   0.0000000e+00   2.8879927e-01  -4.0565924e-01   0.0000000e+00   0.0000000e+00   0.0000000e+00  -3.5030157e-02   7.8843155e-01
   0.0000000e+00   0.0000000e+00   0.0000000e+00   0.0000000e+00   3.7818414e-01   1.3689117e+00   0.0000000e+00   3.5294612e-01   3.4710380e-01   0.0000000e+00   0.0000000e+00   0.0000000e+00   0.0000000e+00   0.0000000e+00   0.0000000e+00   1.4717622e-01  -3.5191577e-01   0.0000000e+00   0.0000000e+00   0.0000000e+00
   0.0000000e+00   0.0000000e+00   0.0000000e+00   0.0000000e+00   8.4124434e-01   6.5109457e-01   0.0000000e+00  -9.0745521e-01   4.4969688e-01   0.0000000e+00   0.0000000e+00   0.0000000e+00   0.0000000e+00   0.0000000e+00   0.0000000e+00  -5.2091990e-01   6.1176242e-01   0.0000000e+00   0.0000000e+00   0.0000000e+00
   0.0000000e+00   0.0000000e+00   8.6460600e-02   4.4178458e-01   0.0000000e+00   0.0000000e+00   0.0000000e+00   0.0000000e+00   0.0000000e+00  -7.8917839e-01   0.0000000e+00   1.0888345e-01  -2.6585415e-01   0.0000000e+00   0.0000000e+00   0.0000000e+00   0.0000000e+00   3.0333874e-01   0.0000000e+00   0.0000000e+00
   2.6142775e-01   6.4261459e-02   0.0000000e+00   0.0000000e+00   0.0000000e+00   0.0000000e+00  -8.0415420e-02   0.0000000e+00   0.0000000e+00   0.0000000e+00   2.6974472e-01   0.0000000e+00   0.0000000e+00   5.7915069e-01  -2.9307682e-02   0.0000000e+00   0.0000000e+00   0.0000000e+00  -6.9849369e-01  -1.5533592e-01
  -2.8125176e-01   1.3179740e-01   0.0000000e+00   0.0000000e+00   0.0000000e+00   0.0000000e+00  -2.3894995e-01   0.0000000e+00   0.0000000e+00   0.0000000e+00   2.2419726e-01   0.0000000e+00   0.0000000e+00   3.7512503e-01   6.8393561e-01   0.0000000e+00   0.0000000e+00   0.0000000e+00   2.2033460e-01   3.7300317e-01
   4.5647811e-01   7.9534221e-01   0.0000000e+00   0.0000000e+00  -9.4991795e-01   0.0000000e+00   7.3030975e-01   0.0000000e+00   0.0000000e+00   0.0000000e+00  -1.9344031e-01   0.0000000e+00   2.8672228e-01   0.0000000e+00   0.0000000e+00   0.0000000e+00   0.0000000e+00   0.0000000e+00   0.0000000e+00   0.0000000e+00
  -5.2384686e-01  -3.3516067e-01   0.0000000e+00   0.0000000e+00  -7.6517173e-02   0.0000000e+00   9.4881526e-01   0.0000000e+00   0.0000000e+00   0.0000000e+00   1.4696068e-01   0.0000000e+00  -1.1818949e+00   0.0000000e+00   0.0000000e+00   0.0000000e+00   0.0000000e+00   0.0000000e+00   0.0000000e+00   0.0000000e+00
   0.0000000e+00   0.0000000e+00   3.0751733e-02   1.5470341e-01   0.0000000e+00   3.2861715e-01   0.0000000e+00   0.0000000e+00  -4.1044101e-01   7.6026871e-01   0.0000000e+00   9.9051892e-02   0.0000000e+00   0.0000000e+00   0.0000000e+00   0.0000000e+00   1.5793243e-01   0.0000000e+00   2.9310015e-01   0.0000000e+00
   0.0000000e+00   0.0000000e+00  -2.5724058e-01  -1.6180804e-01   0.0000000e+00  -3.0016969e-02   0.0000000e+00   0.0000000e+00  -2.5050071e-01  -2.1207448e-01   0.0000000e+00   6.3887711e-01   0.0000000e+00   0.0000000e+00   0.0000000e+00   0.0000000e+00  -4.8709066e-01   0.0000000e+00   3.9191448e-01   0.0000000e+00
   2.7762968e-01  -9.1454536e-03   0.0000000e+00   0.0000000e+00   4.8866050e-01   0.0000000e+00   3.3904268e-01   0.0000000e+00   0.0000000e+00   0.0000000e+00  -1.0599602e+00   0.0000000e+00   6.2851091e-02   0.0000000e+00   0.0000000e+00   0.0000000e+00   0.0000000e+00   0.0000000e+00   0.0000000e+00   0.0000000e+00
   0.0000000e+00   0.0000000e+00   4.7227474e-01   2.5113360e-01   0.0000000e+00  -6.7724416e-01   0.0000000e+00   0.0000000e+00  -4.3126159e-01  -1.7724885e-02   0.0000000e+00   2.0580757e-01   0.0000000e+00   0.0000000e+00   0.0000000e+00   0.0000000e+00   1.1711089e-01   0.0000000e+00  -1.1338599e-01   0.0000000e+00
   3.1382012e-01  -1.3038909e+00   0.0000000e+00   0.0000000e+00  -2.7462681e-01   0.0000000e+00   2.6342941e-02   0.0000000e+00   0.0000000e+00   0.0000000e+00   7.5087538e-01   0.0000000e+00   5.0592248e-01   0.0000000e+00   0.0000000e+00   0.0000000e+00   0.0000000e+00   0.0000000e+00   0.0000000e+00   0.0000000e+00
   0.0000000e+00   0.0000000e+00   0.0000000e+00   0.0000000e+00   0.0000000e+00   0.0000000e+00   0.0000000e+00   3.3993354e-01   0.0000000e+00   0.0000000e+00   0.0000000e+00   0.0000000e+00   0.0000000e+00   3.3638903e-01   2.0022245e-01  -2.3484992e-01   0.0000000e+00  -4.0704837e-01   0.0000000e+00   7.1439186e-01
   0.0000000e+00   0.0000000e+00  -8.9830605e-02  -9.4471021e-02   0.0000000e+00   2.3568019e-01   0.0000000e+00   0.0000000e+00  -2.8963707e-01   1.2332718e-01   0.0000000e+00   1.8954073e-01   0.0000000e+00   0.0000000e+00   0.0000000e+00   0.0000000e+00  -2.7345330e-01   0.0000000e+00  -8.4714752e-01   0.0000000e+00
   0.0000000e+00   0.0000000e+00  -1.9622332e-01  -4.8620839e-01   0.0000000e+00  -4.1148159e-01   0.0000000e+00   0.0000000e+00   3.9649586e-01   4.4439403e-01   0.0000000e+00   3.4856462e-01   0.0000000e+00   0.0000000e+00   0.0000000e+00   0.0000000e+00   2.5742266e-01   0.0000000e+00  -1.1542088e-01   0.0000000e+00
   1.0573178e+00   7.6122373e-01   0.0000000e+00   0.0000000e+00   6.4471407e-01   0.0000000e+00   3.7449590e-01   0.0000000e+00   0.0000000e+00   0.0000000e+00   1.1322647e+00   0.0000000e+00  -2.3635786e-02   0.0000000e+00   0.0000000e+00   0.0000000e+00   0.0000000e+00   0.0000000e+00   0.0000000e+00   0.0000000e+00
   0.0000000e+00   0.0000000e+00   6.6714779e-01   5.7053893e-02   0.0000000e+00   1.4333091e-01   0.0000000e+00   0.0000000e+00   4.7212459e-01   2.2226518e-01   0.0000000e+00   1.6692478e-01   0.0000000e+00   0.0000000e+00   0.0000000e+00   0.0000000e+00  -4.7986871e-01   0.0000000e+00   2.5954521e-02   0.0000000e+00
  -8.9183865e-01  -1.1202176e-01   0.0000000e+00   0.0000000e+00   4.8063702e-01   0.0000000e+00   3.2738560e-01   0.0000000e+00   0.0000000e+00   0.0000000e+00   3.1209149e-01   0.0000000e+00   5.5445723e-01   0.0000000e+00   0.0000000e+00   0.0000000e+00   0.0000000e+00   0.0000000e+00   0.0000000e+00   0.0000000e+00
   0.0000000e+00   0.0000000e+00   0.0000000e+00   0.0000000e+00   0.0000000e+00   0.0000000e+00   0.0000000e+00   1.6475819e-01   0.0000000e+00   0.0000000e+00   0.0000000e+00   0.0000000e+00   0.0000000e+00  -7.5204625e-01   4.9539652e-01  -2.7073685e-01   0.0000000e+00   2.3544025e-01   0.0000000e+00   1.8202449e-01
   0.0000000e+00   0.0000000e+00   0.0000000e+00   0.0000000e+00   0.0000000e+00   0.0000000e+00   0.0000000e+00   1.6720628e-01   0.0000000e+00   0.0000000e+00   0.0000000e+00   0.0000000e+00   0.0000000e+00   4.8177737e-01   1.4346696e-01  -2.4490778e-01   0.0000000e+00   8.1125705e-01   0.0000000e+00   3.5100252e-02
   0.0000000e+00   0.0000000e+00   0.0000000e+00   0.0000000e+00   0.0000000e+00   0.0000000e+00   0.0000000e+00  -7.5922840e-01   0.0000000e+00   0.0000000e+00   0.0000000e+00   0.0000000e+00   0.0000000e+00  -9.3966496e-02  -2.7169401e-01  -1.9080194e-01   0.0000000e+00   1.8016590e-01   0.0000000e+00   5.2159350e-01
   0.0000000e+00   0.0000000e+00  -3.2361014e-01   1.2763022e-01   0.0000000e+00  -4.3198199e-01   0.0000000e+00   0.0000000e+00  -1.4398000e-02   3.3710018e-01   0.0000000e+00  -4.8182050e-01   0.0000000e+00   0.0000000e+00   0.0000000e+00   0.0000000e+00  -5.8745844e-01   0.0000000e+00   3.5725523e-02   0.0000000e+00
   0.0000000e+00   0.0000000e+00   0.0000000e+00   0.0000000e+00   0.0000000e+00   0.0000000e+00   0.0000000e+00  -1.2686109e-01   0.0000000e+00   0.0000000e+00   0.0000000e+00   0.0000000e+00   0.0000000e+00   8.5691634e-02  -2.4275132e-02  -8.6134042e-01   0.0000000e+00  -2.6290443e-01   0.0000000e+00  -4.0613776e-01
   0.0000000e+00   0.0000000e+00  -3.3683136e-01   7.8863739e-01   0.0000000e+00  -2.0872582e-02   0.0000000e+00   0.0000000e+00   3.4437404e-01   3.1108698e-02   0.0000000e+00   3.4961428e-01   0.0000000e+00   0.0000000e+00   0.0000000e+00   0.0000000e+00   8.7524539e-02   0.0000000e+00  -1.2127703e-01   0.0000000e+00
   0.0000000e+00   0.0000000e+00   0.0000000e+00   0.0000000e+00   0.0000000e+00   0.0000000e+00   0.0000000e+00   4.8664206e-01   0.0000000e+00   0.0000000e+00   0.0000000e+00   0.0000000e+00   0.0000000e+00  -2.7016044e-01  -7.8708550e-01  -1.8235833e-01   0.0000000e+00   1.3843056e-01   0.0000000e+00   1.3517277e-01
  -4.1715016e-01   0.0000000e+00   0.0000000e+00   0.0000000e+00  -2.3136913e-01   2.8693197e-01   0.0000000e+00   0.0000000e+00   0.0000000e+00   2.0885796e-01   0.0000000e+00   8.4416391e-02   0.0000000e+00   0.0000000e+00   7.6591033e-01   0.0000000e+00   0.0000000e+00   8.6249512e-02  -2.1288194e-01   0.0000000e+00
   0.0000000e+00   7.0456136e-01  -9.3027053e-03   0.0000000e+00   0.0000000e+00   0.0000000e+00   0.0000000e+00   0.0000000e+00   0.0000000e+00   0.0000000e+00  -3.3776256e-01   0.0000000e+00  -3.1219370e-01   6.0451017e-03   0.0000000e+00  -5.4029785e-01   0.0000000e+00   0.0000000e+00   0.0000000e+00   0.0000000e+00
   0.0000000e+00  -1.8381443e-02  -1.4606441e-01   0.0000000e+00   0.0000000e+00   0.0000000e+00   0.0000000e+00   0.0000000e+00   0.0000000e+00   0.0000000e+00  -3.8869438e-01   0.0000000e+00   7.8486191e-01   3.9934598e-01   0.0000000e+00  -2.2750508e-01   0.0000000e+00   0.0000000e+00   0.0000000e+00   0.0000000e+00
   0.0000000e+00   0.0000000e+00   0.0000000e+00   7.1777517e-01   0.0000000e+00   0.0000000e+00  -1.6295043e-01  -7.0073450e-01   1.8071395e-02   0.0000000e+00   0.0000000e+00   0.0000000e+00   0.0000000e+00   0.0000000e+00   0.0000000e+00   0.0000000e+00  -5.4853604e-01   0.0000000e+00   0.0000000e+00   8.5495664e-01
  -7.7687009e-02   0.0000000e+00   0.0000000e+00   0.0000000e+00   2.9834461e-01   1.8499230e-01   0.0000000e+00   0.0000000e+00   0.0000000e+00   1.3931135e-01   0.0000000e+00   7.5407702e-02   0.0000000e+00   0.0000000e+00  -3.2354518e-01   0.0000000e+00   0.0000000e+00   2.1194445e-01  -8.3428842e-01   0.0000000e+00
   7.2146728e-01   0.0000000e+00   0.0000000e+00   0.0000000e+00   2.2480844e-01   1.9299145e-02   0.0000000e+00   0.0000000e+00   0.0000000e+00   3.6696007e-01   0.0000000e+00  -3.4666216e-01   0.0000000e+00   0.0000000e+00   3.5755160e-01   0.0000000e+00   0.0000000e+00   2.1089929e-01  -3.7651859e-02   0.0000000e+00
   0.0000000e+00   0.0000000e+00   0.0000000e+00   1.0815472e-01   0.0000000e+00   0.0000000e+00  -1.6635765e-01   2.2055930e-01   1.0676935e+00   0.0000000e+00   0.0000000e+00   0.0000000e+00   0.0000000e+00   0.0000000e+00   0.0000000e+00   0.0000000e+00  -3.8485747e-01   0.0000000e+00   0.0000000e+00   5.6114345e-01
   0.0000000e+00   0.0000000e+00   0.0000000e+00  -6.5286490e-01   0.0000000e+00   0.0000000e+00  -3.0919820e-01  -4.7741323e-01   4.8579641e-02   0.0000000e+00   0.0000000e+00   0.0000000e+00   0.0000000e+00   0.0000000e+00   0.0000000e+00   0.0000000e+00  -7.5144556e-01   0.0000000e+00   0.0000000e+00   1.9952117e-01
   0.0000000e+00   0.0000000e+00   0.0000000e+00  -6.9861808e-01   0.0000000e+00   0.0000000e+00   5.0136235e-01   1.4514717e-01  -7.1375028e-01   0.0000000e+00   0.0000000e+00   0.0000000e+00   0.0000000e+00   0.0000000e+00   0.0000000e+00   0.0000000e+00   8.2925001e-01   0.0000000e+00   0.0000000e+00   6.0409903e-01
  -9.3620185e-02   0.0000000e+00   0.0000000e+00   0.0000000e+00  -4.8620423e-01  -1.6465645e-02   0.0000000e+00   0.0000000e+00   0.0000000e+00   7.3644577e-01   0.0000000e+00  -5.7030993e-04   0.0000000e+00   0.0000000e+00  -3.7410759e-01   0.0000000e+00   0.0000000e+00   2.1962753e-01   1.5499728e-01   0.0000000e+00
   0.0000000e+00   2.0255648e-02   6.8234804e-01   0.0000000e+00   0.0000000e+00   0.0000000e+00   0.0000000e+00   0.0000000e+00   0.0000000e+00   0.0000000e+00   3.0257822e-01   0.0000000e+00   3.6556235e-01  -3.9571277e-01   0.0000000e+00  -3.9014465e-01   0.0000000e+00   0.0000000e+00   0.0000000e+00   0.0000000e+00
  -2.3716348e-01   0.0000000e+00   0.0000000e+00   0.0000000e+00  -1.1324285e-01   3.3551311e-01   0.0000000e+00   0.0000000e+00   0.0000000e+00  -1.7893354e-01   0.0000000e+00  -8.7473057e-01   0.0000000e+00   0.0000000e+00  -1.4392520e-01   0.0000000e+00   0.0000000e+00   2.0276108e-02   8.0083683e-03   0.0000000e+00
   0.0000000e+00   6.1794695e-01  -2.6054687e-01   0.0000000e+00   0.0000000e+00   0.0000000e+00   0.0000000e+00   0.0000000e+00   0.0000000e+00   0.0000000e+00   6.2486518e-01   0.0000000e+00   2.9980291e-01   9.3112006e-02   0.0000000e+00   2.4748490e-01   0.0000000e+00   0.0000000e+00   0.0000000e+00   0.0000000e+00
   0.0000000e+00  -3.2504097e-01  -5.8612571e-01   0.0000000e+00   0.0000000e+00   0.0000000e+00   0.0000000e+00   0.0000000e+00   0.0000000e+00   0.0000000e+00   3.6483062e-01   0.0000000e+00  -3.3578249e-02  -1.6389281e-01   0.0000000e+00  -6.2427181e-01   0.0000000e+00   0.0000000e+00   0.0000000e+00   0.0000000e+00
   2.5568728e-01   0.0000000e+00   0.0000000e+00   0.0000000e+00  -2.2234341e-01   5.6660421e-01   0.0000000e+00   0.0000000e+00   0.0000000e+00  -3.5343537e-01   0.0000000e+00   2.7893541e-01   0.0000000e+00   0.0000000e+00  -9.1765226e-02   0.0000000e+00   0.0000000e+00   5.6965443e-01   1.6881511e-01   0.0000000e+00
   0.0000000e+00  -1.2383482e-01   3.1867191e-01   0.0000000e+00   0.0000000e+00   0.0000000e+00   0.0000000e+00   0.0000000e+00   0.0000000e+00   0.0000000e+00   3.4600820e-01   0.0000000e+00  -2.4876046e-01   8.0521236e-01   0.0000000e+00  -2.3052714e-01   0.0000000e+00   0.0000000e+00   0.0000000e+00   0.0000000e+00
   0.0000000e+00   0.0000000e+00   0.0000000e+00   1.6002418e-01   0.0000000e+00   0.0000000e+00   5.1181406e-01   9.8372951e-01  -2.1116130e-01   0.0000000e+00   0.0000000e+00   0.0000000e+00   0.0000000e+00   0.0000000e+00   0.0000000e+00   0.0000000e+00  -7.6590822e-01   0.0000000e+00   0.0000000e+00  -3.3726068e-01
   3.6515309e-01   0.0000000e+00   0.0000000e+00   0.0000000e+00  -7.1143019e-01  -1.8710283e-01   0.0000000e+00   0.0000000e+00   0.0000000e+00  -2.4439994e-01   0.0000000e+00  -4.3257367e-02   0.0000000e+00   0.0000000e+00   2.8687730e-02   0.0000000e+00   0.0000000e+00  -2.4830180e-01  -4.4882462e-01   0.0000000e+00
   1.8897461e-01   0.0000000e+00   0.0000000e+00   0.0000000e+00   4.6173464e-02   6.4357398e-01   0.0000000e+00   0.0000000e+00   0.0000000e+00   2.0807099e-01   0.0000000e+00   1.4893906e-01   0.0000000e+00   0.0000000e+00  -1.0460374e-01   0.0000000e+00   0.0000000e+00  -6.8436447e-01   5.6533864e-02   0.0000000e+00
   0.0000000e+00   0.0000000e+00   0.0000000e+00  -2.4832711e-02   0.0000000e+00   0.0000000e+00   1.3114039e+00  -9.7724600e-01   4.4977156e-01   0.0000000e+00   0.0000000e+00   0.0000000e+00   0.0000000e+00   0.0000000e+00   0.0000000e+00   0.0000000e+00  -3.8776546e-01   0.0000000e+00   0.0000000e+00  -2.7743648e-01
  -1.8157297e-01   0.0000000e+00   0.0000000e+00   0.0000000e+00   0.0000000e+00  -5.8343544e-01   0.0000000e+00   0.0000000e+00   4.4827864e-01   0.0000000e+00  -1.6529741e-01   0.0000000e+00  -5.2027295e-01   0.0000000e+00   3.5731419e-01   0.0000000e+00   0.0000000e+00   0.0000000e+00   0.0000000e+00   0.0000000e+00
   0.0000000e+00   3.7265597e-01   0.0000000e+00  -5.4806072e-01   0.0000000e+00   0.0000000e+00   5.5167516e-01   3.6723245e-01   0.0000000e+00   0.0000000e+00   0.0000000e+00   0.0000000e+00   0.0000000e+00   2.3531925e-01   0.0000000e+00   1.7892056e-01  -1.8010614e-01  -4.1543786e-02   0.0000000e+00   0.0000000e+00
   0.0000000e+00   0.0000000e+00  -4.3037457e-01   0.0000000e+00   6.2874339e-01   0.0000000e+00   0.0000000e+00   0.0000000e+00   0.0000000e+00  -6.0686621e-01   0.0000000e+00   3.6208641e-01   0.0000000e+00   0.0000000e+00   0.0000000e+00   0.0000000e+00   0.0000000e+00   0.0000000e+00  -3.2275771e-01   1.1999857e+00
   0.0000000e+00   2.1231572e-01   0.0000000e+00  -1.5293918e-01   0.0000000e+00   0.0000000e+00   2.7351943e-02  -3.1914686e-01   0.0000000e+00   0.0000000e+00   0.0000000e+00   0.0000000e+00   0.0000000e+00   1.2949462e-01   0.0000000e+00   2.5976054e-01   6.2861200e-01   5.9121177e-01   0.0000000e+00   0.0000000e+00
   0.0000000e+00   0.0000000e+00   1.4950263e+00   0.0000000e+00   1.5874811e-01   0.0000000e+00   0.0000000e+00   0.0000000e+00   0.0000000e+00  -2.6838622e-01   0.0000000e+00   1.6159459e-01   0.0000000e+00   0.0000000e+00   0.0000000e+00   0.0000000e+00   0.0000000e+00   0.0000000e+00   5.3349509e-01  -1.6724097e-01
  -1.8303824e-02   0.0000000e+00   0.0000000e+00   0.0000000e+00   0.0000000e+00   4.4776112e-01   0.0000000e+00   0.0000000e+00   6.4028585e-01   0.0000000e+00   4.0972830e-01   0.0000000e+00  -3.1451284e-01   0.0000000e+00  -3.4987623e-01   0.0000000e+00   0.0000000e+00   0.0000000e+00   0.0000000e+00   0.0000000e+00
   0.0000000e+00  -2.2586270e-01   0.0000000e+00  -4.9264204e-01   0.0000000e+00   0.0000000e+00  -2.5493769e-01   1.9731335e-01   0.0000000e+00   0.0000000e+00   0.0000000e+00   0.0000000e+00   0.0000000e+00  -6.8085710e-01   0.0000000e+00   1.6329637e-01  -1.4390041e-01   3.0236510e-01   0.0000000e+00   0.0000000e+00
   0.0000000e+00   3.1976281e-01   0.0000000e+00  -1.1963192e-01   0.0000000e+00   0.0000000e+00   2.1104235e-01  -6.4759860e-02   0.0000000e+00   0.0000000e+00   0.0000000e+00   0.0000000e+00   0.0000000e+00  -3.8614714e-01   0.0000000e+00  -7.7966097e-01   2.7348516e-01  -5.4150345e-02   0.0000000e+00   0.0000000e+00
   4.5304378e-01   0.0000000e+00   0.0000000e+00   0.0000000e+00   0.0000000e+00   2.7421044e-01   0.0000000e+00   0.0000000e+00  -4.0483626e-01   0.0000000e+00  -1.5737453e-01   0.0000000e+00  -7.2653787e-01   0.0000000e+00   5.5168363e-02   0.0000000e+00   0.0000000e+00   0.0000000e+00   0.0000000e+00   0.0000000e+00
   0.0000000e+00   0.0000000e+00  -7.1349021e-01   0.0000000e+00   1.0726124e+00   0.0000000e+00   0.0000000e+00   0.0000000e+00   0.0000000e+00   3.7182345e-01   0.0000000e+00   5.8833098e-01   0.0000000e+00   0.0000000e+00   0.0000000e+00   0.0000000e+00   0.0000000e+00   0.0000000e+00   2.9983343e-01  -3.4655180e-01
   7.5379913e-01   0.0000000e+00   0.0000000e+00   0.0000000e+00   0.0000000e+00  -4.7614422e-01   0.0000000e+00   0.0000000e+00   9.7430534e-02   0.0000000e+00   3.9946902e-01   0.0000000e+00   1.3977366e-01   0.0000000e+00  -1.2833032e-01   0.0000000e+00   0.0000000e+00   0.0000000e+00   0.0000000e+00   0.0000000e+00
   0.0000000e+00   0.0000000e+00  -2.5490769e-01   0.0000000e+00   2.5393354e-01   0.0000000e+00   0.0000000e+00   0.0000000e+00   0.0000000e+00  -3.3423347e-01   0.0000000e+00  -6.5581896e-01   0.0000000e+00   0.0000000e+00   0.0000000e+00   0.0000000e+00   0.0000000e+00   0.0000000e+00   8.2763105e-01   1.1176772e-01
  -1.4257617e-01   0.0000000e+00   0.0000000e+00   0.0000000e+00   0.0000000e+00  -3.3304600e-01   0.0000000e+00   0.0000000e+00  -1.0480196e-01   0.0000000e+00  -3.2404867e-01   0.0000000e+00  -1.5089225e-01   0.0000000e+00  -8.5439624e-01   0.0000000e+00   0.0000000e+00   0.0000000e+00   0.0000000e+00   0.0000000e+00
   0.0000000e+00   1.5445719e-02   0.0000000e+00  -5.1970810e-01   0.0000000e+00   0.0000000e+00  -6.3878323e-01   4.6209799e-02   0.0000000e+00   0.0000000e+00   0.0000000e+00   0.0000000e+00   0.0000000e+00   4.4256349e-01   0.0000000e+00  -2.4967590e-01   1.2983734e-01  -2.1077790e-01   0.0000000e+00   0.0000000e+00
   4.1582023e-01   0.0000000e+00   0.0000000e+00   0.0000000e+00   0.0000000e+00   2.1514821e-01   0.0000000e+00   0.0000000e+00   4.5245081e-01   0.0000000e+00  -7.1794826e-01   0.0000000e+00   2.4542882e-01   0.0000000e+00   2.0200037e-02   0.0000000e+00   0.0000000e+00   0.0000000e+00   0.0000000e+00   0.0000000e+00
   0.0000000e+00  -3.6257011e-01   0.0000000e+00  -6.0645408e-02   0.0000000e+00   0.0000000e+00   1.5424265e-01  -8.1432717e-02   0.0000000e+00   0.0000000e+00   0.0000000e+00   0.0000000e+00   0.0000000e+00   3.3277955e-01   0.0000000e+00  -4.3850209e-01  -4.0054498e-01   6.0908158e-01   0.0000000e+00   0.0000000e+00
   0.0000000e+00  -7.1288090e-01   0.0000000e+00  -2.6769537e-01   0.0000000e+00   0.0000000e+00   3.8924226e-01  -1.2912916e-01   0.0000000e+00   0.0000000e+00   0.0000000e+00   0.0000000e+00   0.0000000e+00   2.5535114e-02   0.0000000e+00   9.5742237e-03   3.8535659e-01  -3.2048826e-01   0.0000000e+00   0.0000000e+00
   0.0000000e+00  -1.5130275e-01   0.0000000e+00   2.7165397e-01   0.0000000e+00   0.0000000e+00  -4.5054811e-02   8.3349759e-01   0.0000000e+00   0.0000000e+00   0.0000000e+00   0.0000000e+00   0.0000000e+00   8.9012851e-02   0.0000000e+00  -1.0611860e-01   3.8873327e-01   1.9043481e-01   0.0000000e+00   0.0000000e+00
   0.0000000e+00   0.0000000e+00  -2.4591845e-01   0.0000000e+00  -8.2298379e-02   0.0000000e+00   0.0000000e+00   0.0000000e+00   0.0000000e+00   9.4696350e-01   0.0000000e+00  -2.6969765e-01   0.0000000e+00   0.0000000e+00   0.0000000e+00   0.0000000e+00   0.0000000e+00   0.0000000e+00   6.5848027e-01   8.5767801e-01
   0.0000000e+00   0.0000000e+00   2.1382258e-01   0.0000000e+00   7.7967049e-01   0.0000000e+00   0.0000000e+00   0.0000000e+00   0.0000000e+00   2.5333367e-01   0.0000000e+00  -6.8610985e-01   0.0000000e+00   0.0000000e+00   0.0000000e+00   0.0000000e+00   0.0000000e+00   0.0000000e+00  -3.3437137e-01   1.0738312e-01
  -2.8632962e-02   0.0000000e+00   0.0000000e+00   0.0000000e+00   0.0000000e+00   0.0000000e+00  -5.8588615e-01   0.0000000e+00   4.6502894e-01   0.0000000e+00   0.0000000e+00   0.0000000e+00   0.0000000e+00  -5.8293135e-01  -1.4897897e-01   0.0000000e+00   0.0000000e+00   0.0000000e+00  -2.7867898e-01   0.0000000e+00
   0.0000000e+00  -1.2441000e-01   2.5343481e-01  -1.3690015e-01   0.0000000e+00   5.2061007e-01   0.0000000e+00   0.0000000e+00   0.0000000e+00   0.0000000e+00   0.0000000e+00   0.0000000e+00   0.0000000e+00   0.0000000e+00   0.0000000e+00   3.4270258e-01   6.6900785e-02   4.4962219e-01   0.0000000e+00  -5.5356622e-01
   0.0000000e+00  -4.9076321e-01  -7.5457583e-01   1.0709772e-01   0.0000000e+00   3.5753269e-02   0.0000000e+00   0.0000000e+00   0.0000000e+00   0.0000000e+00   0.0000000e+00   0.0000000e+00   0.0000000e+00   0.0000000e+00   0.0000000e+00   4.0050298e-01  -6.3150254e-02  -9.2924218e-02   0.0000000e+00  -6.3190812e-02
   0.0000000e+00  -2.1056066e-01  -2.0287798e-01   3.6165782e-01   0.0000000e+00   2.0788463e-01   0.0000000e+00   0.0000000e+00   0.0000000e+00   0.0000000e+00   0.0000000e+00   0.0000000e+00   0.0000000e+00   0.0000000e+00   0.0000000e+00  -5.5777478e-01   1.5517242e-01   5.9764179e-01   0.0000000e+00   2.1937511e-01
   0.0000000e+00   0.0000000e+00   0.0000000e+00   0.0000000e+00  -6.2741406e-01   0.0000000e+00   0.0000000e+00  -4.8690250e-01   0.0000000e+00   5.4337833e-02   3.9838200e-01  -8.6594525e-01   2.0302292e-01   0.0000000e+00   0.0000000e+00   0.0000000e+00   0.0000000e+00   0.0000000e+00   0.0000000e+00   0.0000000e+00
   0.0000000e+00   2.8698488e-01  -1.4343741e-01  -2.5484177e-01   0.0000000e+00  -2.7954889e-01   0.0000000e+00   0.0000000e+00   0.0000000e+00   0.0000000e+00   0.0000000e+00   0.0000000e+00   0.0000000e+00   0.0000000e+00   0.0000000e+00   2.7403202e-01  -5.0630401e-01   5.9501951e-01   0.0000000e+00   2.6170205e-01
   2.7542942e-01   0.0000000e+00   0.0000000e+00   0.0000000e+00   0.0000000e+00   0.0000000e+00   6.9753749e-01   0.0000000e+00  -2.1392551e-02   0.0000000e+00   0.0000000e+00   0.0000000e+00   0.0000000e+00  -5.4200243e-01  -2.9256942e-01   0.0000000e+00   0.0000000e+00   0.0000000e+00  -2.4033089e-01   0.0000000e+00
   0.0000000e+00   0.0000000e+00   0.0000000e+00   0.0000000e+00   2.2842982e-01   0.0000000e+00   0.0000000e+00   7.6770188e-01   0.0000000e+00  -9.1902917e-01  -6.5911521e-01  -6.5139917e-01   8.4918774e-01   0.0000000e+00   0.0000000e+00   0.0000000e+00   0.0000000e+00   0.0000000e+00   0.0000000e+00   0.0000000e+00
   4.1214581e-01   0.0000000e+00   0.0000000e+00   0.0000000e+00   0.0000000e+00   0.0000000e+00   2.0887110e-02   0.0000000e+00   1.5852720e-01   0.0000000e+00   0.0000000e+00   0.0000000e+00   0.0000000e+00   3.2309775e-01   4.2145630e-01   0.0000000e+00   0.0000000e+00   0.0000000e+00  -7.2287697e-01   0.0000000e+00
   0.0000000e+00   0.0000000e+00   0.0000000e+00   0.0000000e+00   6.7135667e-01   0.0000000e+00   0.0000000e+00  -3.8404255e-01   0.0000000e+00   1.0271632e+00  -1.6532100e-01   3.8548644e-02   5.1841164e-01   0.0000000e+00   0.0000000e+00   0.0000000e+00   0.0000000e+00   0.0000000e+00   0.0000000e+00   0.0000000e+00
   0.0000000e+00   0.0000000e+00   0.0000000e+00   0.0000000e+00   3.1451977e-01   0.0000000e+00   0.0000000e+00  -1.0082932e-02   0.0000000e+00   4.6730526e-02   8.6591136e-01   5.7748822e-01   6.9459852e-01   0.0000000e+00   0.0000000e+00   0.0000000e+00   0.0000000e+00   0.0000000e+00   0.0000000e+00   0.0000000e+00
   0.0000000e+00   0.0000000e+00   0.0000000e+00   0.0000000e+00   4.8348673e-01   0.0000000e+00   0.0000000e+00   1.1410692e+00   0.0000000e+00   4.3520918e-01   2.3403808e-01  -7.4012559e-01  -9.9823839e-02   0.0000000e+00   0.0000000e+00   0.0000000e+00   0.0000000e+00   0.0000000e+00   0.0000000e+00   0.0000000e+00
   0.0000000e+00   0.0000000e+00   0.0000000e+00   0.0000000e+00  -9.7594516e-01   0.0000000e+00   0.0000000e+00   2.3736042e-01   0.0000000e+00   5.6135673e-01   1.2451705e-01   4.4345323e-01   5.0891892e-01   0.0000000e+00   0.0000000e+00   0.0000000e+00   0.0000000e+00   0.0000000e+00   0.0000000e+00   0.0000000e+00
  -1.6869179e-01   0.0000000e+00   0.0000000e+00   0.0000000e+00   0.0000000e+00   0.0000000e+00   3.6939605e-01   0.0000000e+00   8.1558739e-01   0.0000000e+00   0.0000000e+00   0.0000000e+00   0.0000000e+00   7.6417301e-02   2.8125256e-01   0.0000000e+00   0.0000000e+00   0.0000000e+00   2.9148626e-01   0.0000000e+00
   7.0919087e-01   0.0000000e+00   0.0000000e+00   0.0000000e+00   0.0000000e+00   0.0000000e+00  -1.5639853e-01   0.0000000e+00  -6.8473201e-02   0.0000000e+00   0.0000000e+00   0.0000000e+00   0.0000000e+00  -2.6794926e-01   3.9112129e-01   0.0000000e+00   0.0000000e+00   0.0000000e+00   4.9307865e-01   0.0000000e+00
   0.0000000e+00  -2.4453430e-01   2.2835768e-01   4.5537916e-01   0.0000000e+00  -6.6192404e-01   0.0000000e+00   0.0000000e+00   0.0000000e+00   0.0000000e+00   0.0000000e+00   0.0000000e+00   0.0000000e+00   0.0000000e+00   0.0000000e+00   1.4844226e-02  -1.1104757e-01   1.5528021e-01   0.0000000e+00  -4.5373810e-01
   0.0000000e+00   1.4797738e-01   7.3060195e-02   1.8618637e-01   0.0000000e+00  -1.8784741e-01   0.0000000e+00   0.0000000e+00   0.0000000e+00   0.0000000e+00   0.0000000e+00   0.0000000e+00   0.0000000e+00   0.0000000e+00   0.0000000e+00   4.9336392e-01   7.2293759e-01   1.8476472e-01   0.0000000e+00   3.2035632e-01
   0.0000000e+00  -4.2709526e-01  -3.7600382e-05  -7.2604301e-01   0.0000000e+00  -3.4256383e-01   0.0000000e+00   0.0000000e+00   0.0000000e+00   0.0000000e+00   0.0000000e+00   0.0000000e+00   0.0000000e+00   0.0000000e+00   0.0000000e+00  -2.2399866e-01   3.2305733e-01   1.3002264e-01   0.0000000e+00  -4.0668045e-02
   4.7121757e-01   0.0000000e+00   0.0000000e+00   0.0000000e+00   0.0000000e+00   0.0000000e+00  -9.3960936e-02   0.0000000e+00   2.9713331e-01   0.0000000e+00   0.0000000e+00   0.0000000e+00   0.0000000e+00   4.2941337e-01  -6.9462516e-01   0.0000000e+00   0.0000000e+00   0.0000000e+00   1.1805582e-01   0.0000000e+00
   0.0000000e+00   5.9403099e-01  -4.9715926e-01  -6.9812107e-02   0.0000000e+00  -1.2467235e-01   0.0000000e+00   0.0000000e+00   0.0000000e+00   0.0000000e+00   0.0000000e+00   0.0000000e+00   0.0000000e+00   0.0000000e+00   0.0000000e+00  -2.0528602e-01   2.6791366e-01   5.3152697e-02   0.0000000e+00  -5.1263791e-01
   2.1071718e-01   4.3655680e-02   0.0000000e+00   0.0000000e+00   0.0000000e+00   0.0000000e+00   3.6167087e-01  -2.1097759e-01   0.0000000e+00   3.0538847e-01   2.0420465e-01   0.0000000e+00   0.0000000e+00   0.0000000e+00   0.0000000e+00   0.0000000e+00  -2.3710541e-01   0.0000000e+00   7.6628615e-01   0.0000000e+00
  -4.2909096e-01   3.5502513e-01   0.0000000e+00   0.0000000e+00   0.0000000e+00   0.0000000e+00   2.1969871e-01   4.8965288e-01   0.0000000e+00   1.1125895e-01   6.1250676e-01   0.0000000e+00   0.0000000e+00   0.0000000e+00   0.0000000e+00   0.0000000e+00   1.1090401e-01   0.0000000e+00  -4.4360529e-02   0.0000000e+00
   0.0000000e+00   0.0000000e+00  -3.7766226e-02   0.0000000e+00   0.0000000e+00  -1.4751295e+00   0.0000000e+00   0.0000000e+00  -9.0650786e-01   0.0000000e+00   0.0000000e+00   0.0000000e+00   0.0000000e+00   6.9710996e-01   9.7569946e-02   0.0000000e+00   0.0000000e+00   0.0000000e+00   0.0000000e+00  -1.7886283e-01
   0.0000000e+00   0.0000000e+00   0.0000000e+00   9.9037495e-02   6.9224786e-02   0.0000000e+00   0.0000000e+00   0.0000000e+00   0.0000000e+00   0.0000000e+00   0.0000000e+00  -8.9085948e-01  -4.2852810e-01   0.0000000e+00   0.0000000e+00   9.3611009e-03   0.0000000e+00   8.9693485e-02   0.0000000e+00   0.0000000e+00
   0.0000000e+00   0.0000000e+00   0.0000000e+00   9.1910495e-01   1.1271743e-01   0.0000000e+00   0.0000000e+00   0.0000000e+00   0.0000000e+00   0.0000000e+00   0.0000000e+00   2.3384083e-01  -2.3464723e-01   0.0000000e+00   0.0000000e+00   1.6105217e-01   0.0000000e+00   8.2838509e-02   0.0000000e+00   0.0000000e+00
   0.0000000e+00   0.0000000e+00  -5.0559113e-01   0.0000000e+00   0.0000000e+00  -1.0952922e-01   0.0000000e+00   0.0000000e+00  -9.5077151e-01   0.0000000e+00   0.0000000e+00   0.0000000e+00   0.0000000e+00  -1.2579948e+00  -5.6215092e-01   0.0000000e+00   0.0000000e+00   0.0000000e+00   0.0000000e+00   4.3323202e-01
  -4.3000262e-01   6.0234251e-01   0.0000000e+00   0.0000000e+00   0.0000000e+00   0.0000000e+00   2.6865732e-01  -4.8048170e-01   0.0000000e+00  -2.1176494e-01  -3.2283622e-01   0.0000000e+00   0.0000000e+00   0.0000000e+00   0.0000000e+00   0.0000000e+00  -1.0509493e-02   0.0000000e+00  -7.9862521e-03   0.0000000e+00
  -6.9632772e-01  -4.5812241e-01   0.0000000e+00   0.0000000e+00   0.0000000e+00   0.0000000e+00  -2.0572930e-01  -2.0569340e-01   0.0000000e+00   4.1547021e-01  -7.3161216e-02   0.0000000e+00   0.0000000e+00   0.0000000e+00   0.0000000e+00   0.0000000e+00   1.3714710e-01   0.0000000e+00   1.5440162e-01   0.0000000e+00
   0.0000000e+00   0.0000000e+00   5.7726638e-01   0.0000000e+00   0.0000000e+00  -5.3341920e-01   0.0000000e+00   0.0000000e+00   6.8486738e-01   0.0000000e+00   0.0000000e+00   0.0000000e+00   0.0000000e+00  -9.6848725e-01  -4.8045974e-01   0.0000000e+00   0.0000000e+00   0.0000000e+00   0.0000000e+00  -2.0328415e-01
   2.7810963e-01   2.5871546e-01   0.0000000e+00   0.0000000e+00   0.0000000e+00   0.0000000e+00   1.2231032e-01   1.9001492e-02   0.0000000e+00   6.3741836e-01  -2.4793614e-01   0.0000000e+00   0.0000000e+00   0.0000000e+00   0.0000000e+00   0.0000000e+00   5.9210235e-01   0.0000000e+00  -1.4846138e-01   0.0000000e+00
   1.0967821e-01   1.9989604e-01   0.0000000e+00   0.0000000e+00   0.0000000e+00   0.0000000e+00  -5.5951616e-01  -3.6336985e-01   0.0000000e+00  -2.2036824e-01   4.2556016e-01   0.0000000e+00   0.0000000e+00   0.0000000e+00   0.0000000e+00   0.0000000e+00   4.6411874e-01   0.0000000e+00   2.4051295e-01   0.0000000e+00
   0.0000000e+00   0.0000000e+00   0.0000000e+00  -2.9642735e-01  -2.8739215e-01   0.0000000e+00   0.0000000e+00   0.0000000e+00   0.0000000e+00   0.0000000e+00   0.0000000e+00   2.3175984e-01  -5.1970901e-01   0.0000000e+00   0.0000000e+00   6.4442000e-01   0.0000000e+00   3.0074801e-01   0.0000000e+00   0.0000000e+00
   0.0000000e+00   0.0000000e+00   0.0000000e+00   2.3213478e-01  -7.8860601e-01   0.0000000e+00   0.0000000e+00   0.0000000e+00   0.0000000e+00   0.0000000e+00   0.0000000e+00  -2.4197673e-01   3.8924733e-01   0.0000000e+00   0.0000000e+00   2.5789168e-01   0.0000000e+00  -2.1826511e-01   0.0000000e+00   0.0000000e+00
   0.0000000e+00   0.0000000e+00  -5.5370471e-01   0.0000000e+00   0.0000000e+00   4.8559512e-01   0.0000000e+00   0.0000000e+00  -4.3865787e-01   0.0000000e+00   0.0000000e+00   0.0000000e+00   0.0000000e+00   1.1852068e-01  -5.9986645e-01   0.0000000e+00   0.0000000e+00   0.0000000e+00   0.0000000e+00  -1.1898506e+00
   0.0000000e+00   0.0000000e+00  -1.1313431e+00   0.0000000e+00   0.0000000e+00  -6.0299176e-01   0.0000000e+00   0.0000000e+00   8.6461658e-01   0.0000000e+00   0.0000000e+00   0.0000000e+00   0.0000000e+00   2.0585776e-01  -6.5385687e-01   0.0000000e+00   0.0000000e+00   0.0000000e+00   0.0000000e+00  -3.0607002e-01
   0.0000000e+00   0.0000000e+00   0.0000000e+00   4.6162644e-02  -4.7239084e-01   0.0000000e+00   0.0000000e+00   0.0000000e+00   0.0000000e+00   0.0000000e+00   0.0000000e+00   1.0450171e-01  -1.7710784e-01   0.0000000e+00   0.0000000e+00  -6.3673012e-01   0.0000000e+00   5.7184164e-01   0.0000000e+00   0.0000000e+00
  -9.2760472e-02  -1.5450835e-01   0.0000000e+00   0.0000000e+00   0.0000000e+00   0.0000000e+00   1.9362094e-01   3.9832118e-01   0.0000000e+00  -4.3176306e-01  -3.4104278e-01   0.0000000e+00   0.0000000e+00   0.0000000e+00   0.0000000e+00   0.0000000e+00   4.9806200e-01   0.0000000e+00   4.6965792e-01   0.0000000e+00
   0.0000000e+00   0.0000000e+00   0.0000000e+00   3.9382064e-02   2.3421339e-01   0.0000000e+00   0.0000000e+00   0.0000000e+00   0.0000000e+00   0.0000000e+00   0.0000000e+00  -1.6882500e-01   5.5527130e-01   0.0000000e+00   0.0000000e+00   2.9455742e-01   0.0000000e+00   7.2111093e-01   0.0000000e+00   0.0000000e+00
  -6.1040119e-02   4.1060170e-01   0.0000000e+00   0.0000000e+00   0.0000000e+00   0.0000000e+00  -5.8388197e-01   3.8922695e-01   0.0000000e+00   1.8872141e-01  -3.3863872e-01   0.0000000e+00   0.0000000e+00   0.0000000e+00   0.0000000e+00   0.0000000e+00  -3.1385411e-01   0.0000000e+00   2.9405480e-01   0.0000000e+00
   0.0000000e+00   0.0000000e+00   1.2205676e-01   0.0000000e+00   0.0000000e+00   7.3484795e-01   0.0000000e+00   0.0000000e+00  -3.9151348e-01   0.0000000e+00   0.0000000e+00   0.0000000e+00   0.0000000e+00   8.4667604e-01  -8.4093803e-01   0.0000000e+00   0.0000000e+00   0.0000000e+00   0.0000000e+00   3.9865508e-01
  -4.5509058e-01   0.0000000e+00   0.0000000e+00   5.1822979e-01   0.0000000e+00   5.2992914e-01   0.0000000e+00   0.0000000e+00   3.1612685e-01   0.0000000e+00   0.0000000e+00   0.0000000e+00   0.0000000e+00   6.4585949e-01   0.0000000e+00   0.0000000e+00   0.0000000e+00   3.1289186e-01   0.0000000e+00   0.0000000e+00
   0.0000000e+00   1.6192254e-01  -3.1060064e-02   0.0000000e+00  -3.5316218e-01   0.0000000e+00   0.0000000e+00   0.0000000e+00   0.0000000e+00   0.0000000e+00  -6.1627317e-01   2.8757978e-01   0.0000000e+00   0.0000000e+00  -4.0100297e-01   3.3562125e-01   0.0000000e+00   0.0000000e+00   3.3489265e-01   0.0000000e+00
   0.0000000e+00   3.9072302e-01  -1.6645935e-01   0.0000000e+00   4.2363628e-01   0.0000000e+00   0.0000000e+00   0.0000000e+00   0.0000000e+00   0.0000000e+00  -1.0503393e-01   6.4738596e-01   0.0000000e+00   0.0000000e+00  -7.0469238e-02  -4.1930777e-01   0.0000000e+00   0.0000000e+00  -1.7097800e-01   0.0000000e+00
  -9.4337941e-01   0.0000000e+00   0.0000000e+00  -3.4629128e-01   0.0000000e+00   7.9419200e-01   0.0000000e+00   0.0000000e+00   3.9533672e-01   0.0000000e+00   0.0000000e+00   0.0000000e+00   0.0000000e+00  -9.0787934e-01   0.0000000e+00   0.0000000e+00   0.0000000e+00  -5.7531950e-01   0.0000000e+00   0.0000000e+00
   0.0000000e+00   8.2650468e-01  -2.5034339e-01   0.0000000e+00  -1.4137942e-02   0.0000000e+00   0.0000000e+00   0.0000000e+00   0.0000000e+00   0.0000000e+00   1.8600080e-01  -2.9554342e-01   0.0000000e+00   0.0000000e+00   2.0901204e-01   2.5472168e-01   0.0000000e+00   0.0000000e+00   1.5331974e-01   0.0000000e+00
   8.5723889e-01   0.0000000e+00   0.0000000e+00   6.9390135e-01   0.0000000e+00  -4.4149632e-01   0.0000000e+00   0.0000000e+00   9.1672364e-01   0.0000000e+00   0.0000000e+00   0.0000000e+00   0.0000000e+00  -3.4337363e-01   0.0000000e+00   0.0000000e+00   0.0000000e+00  -2.8774131e-02   0.0000000e+00   0.0000000e+00
   0.0000000e+00   0.0000000e+00   0.0000000e+00   0.0000000e+00   0.0000000e+00   0.0000000e+00   2.3388262e-02  -1.6146280e-01   0.0000000e+00  -3.8038866e-02   0.0000000e+00   0.0000000e+00   4.2178241e-02   0.0000000e+00   0.0000000e+00   0.0000000e+00   8.6163243e-01   0.0000000e+00   0.0000000e+00   4.7722777e-01
   0.0000000e+00   0.0000000e+00   0.0000000e+00   0.0000000e+00   0.0000000e+00   0.0000000e+00   2.4008514e-01   3.7003108e-01   0.0000000e+00  -3.7421802e-01   0.0000000e+00   0.0000000e+00   1.7064661e-01   0.0000000e+00   0.0000000e+00   0.0000000e+00   4.1518672e-01   0.0000000e+00   0.0000000e+00  -6.8109965e-01
   7.9352211e-01   0.0000000e+00   0.0000000e+00   6.8803914e-01   0.0000000e+00   1.1428981e+00   0.0000000e+00   0.0000000e+00  -1.0006315e+00   0.0000000e+00   0.0000000e+00   0.0000000e+00   0.0000000e+00  -5.2314468e-01   0.0000000e+00   0.0000000e+00   0.0000000e+00   1.5997574e-01   0.0000000e+00   0.0000000e+00
   0.0000000e+00   0.0000000e+00   0.0000000e+00   0.0000000e+00   0.0000000e+00   0.0000000e+00  -1.9291872e-01  -1.3768126e-01   0.0000000e+00   3.7864152e-01   0.0000000e+00   0.0000000e+00   8.8672066e-01   0.0000000e+00   0.0000000e+00   0.0000000e+00   1.7953920e-02   0.0000000e+00   0.0000000e+00  -1.1773261e-01
   0.0000000e+00  -8.0012925e-02   2.2769364e-01   0.0000000e+00   6.5991556e-01   0.0000000e+00   0.0000000e+00   0.0000000e+00   0.0000000e+00   0.0000000e+00   2.4549828e-01   1.0180446e-01   0.0000000e+00   0.0000000e+00  -2.8134118e-01   5.5024988e-01   0.0000000e+00   0.0000000e+00   2.3174048e-01   0.0000000e+00
   0.0000000e+00  -3.6225427e-02   3.4957441e-03   0.0000000e+00   4.3438839e-01   0.0000000e+00   0.0000000e+00   0.0000000e+00   0.0000000e+00   0.0000000e+00  -4.8032396e-01  -4.5461904e-01   0.0000000e+00   0.0000000e+00   8.4892373e-02  -3.8286118e-01   0.0000000e+00   0.0000000e+00   4.6776409e-01   0.0000000e+00
   0.0000000e+00   0.0000000e+00   0.0000000e+00   0.0000000e+00   0.0000000e+00   0.0000000e+00  -7.8504764e-01  -3.4055501e-01   0.0000000e+00  -4.7967276e-01   0.0000000e+00   0.0000000e+00  -4.4166860e-02   0.0000000e+00   0.0000000e+00   0.0000000e+00   4.0655090e-02   0.0000000e+00   0.0000000e+00  -1.8448033e-01
  -7.2467143e-01   0.0000000e+00   0.0000000e+00  -5.5299995e-02   0.0000000e+00  -5.2388391e-01   0.0000000e+00   0.0000000e+00  -1.9780524e-01   0.0000000e+00   0.0000000e+00   0.0000000e+00   0.0000000e+00  -6.7876574e-01   0.0000000e+00   0.0000000e+00   0.0000000e+00   6.1049343e-01   0.0000000e+00   0.0000000e+00
   0.0000000e+00  -2.8996842e-01  -4.2098988e-01   0.0000000e+00  -3.6147119e-02   0.0000000e+00   0.0000000e+00   0.0000000e+00   0.0000000e+00   0.0000000e+00   1.2462574e-01   3.8096396e-01   0.0000000e+00   0.0000000e+00   5.5180989e-01   1.1733671e-01   0.0000000e+00   0.0000000e+00   5.0838180e-01   0.0000000e+00
   0.0000000e+00   1.6463027e-01   7.2864707e-01   0.0000000e+00  -1.2358407e-02   0.0000000e+00   0.0000000e+00   0.0000000e+00   0.0000000e+00   0.0000000e+00  -2.3332195e-01   1.8812560e-01   0.0000000e+00   0.0000000e+00   5.7912325e-01   1.2113900e-01   0.0000000e+00   0.0000000e+00  -4.3918254e-02   0.0000000e+00
   0.0000000e+00   0.0000000e+00   0.0000000e+00   0.0000000e+00   0.0000000e+00   0.0000000e+00  -4.9697515e-01   8.2422295e-01   0.0000000e+00   1.5001192e-01   0.0000000e+00   0.0000000e+00  -1.6212822e-02   0.0000000e+00   0.0000000e+00   0.0000000e+00   5.4030152e-02   0.0000000e+00   0.0000000e+00   2.1905831e-01
  -6.8933335e-01   0.0000000e+00   0.0000000e+00   1.1988191e+00   0.0000000e+00  -4.7166753e-01   0.0000000e+00   0.0000000e+00  -6.9360430e-01   0.0000000e+00   0.0000000e+00   0.0000000e+00   0.0000000e+00  -5.3614587e-02   0.0000000e+00   0.0000000e+00   0.0000000e+00  -9.6556552e-01   0.0000000e+00   0.0000000e+00
   0.0000000e+00  -1.3822977e-01  -3.8553741e-01   0.0000000e+00   2.6451416e-01   0.0000000e+00   0.0000000e+00   0.0000000e+00   0.0000000e+00   0.0000000e+00  -4.6219881e-01  -1.1522139e-01   0.0000000e+00   0.0000000e+00   2.5358865e-01   4.1092100e-01   0.0000000e+00   0.0000000e+00  -5.4974424e-01   0.0000000e+00
   0.0000000e+00   0.0000000e+00   0.0000000e+00   0.0000000e+00   0.0000000e+00   0.0000000e+00   2.0324960e-01   1.5076290e-01   0.0000000e+00  -6.8011395e-01   0.0000000e+00   0.0000000e+00   4.2498663e-01   0.0000000e+00   0.0000000e+00   0.0000000e+00  -2.8339919e-01   0.0000000e+00   0.0000000e+00   4.6095165e-01
