   2.6078520e+00  -1.4126834e+00
  -8.5514898e-01  -6.8713456e-01
   4.4723890e-01   8.9441454e-01
   8.9441454e-01  -4.4723890e-01
  -5.1782075e-01   8.5548914e-01
   8.5548914e-01   5.1782075e-01
  -5.0927539e-01   8.6060361e-01
  -8.6060361e-01  -5.0927539e-01
   8.0561652e-01  -5.9243736e-01
   5.9243736e-01   8.0561652e-01
  -1.7901649e-03   9.9999840e-01
  -9.9999840e-01  -1.7901649e-03
  -9.0745133e-01  -4.2015721e-01
   4.2015721e-01  -9.0745133e-01
  -3.0818999e-01   9.5132483e-01
   9.5132483e-01   3.0818999e-01
