  -6.0130701e-01   0.0000000e+00   0.0000000e+00   0.0000000e+00   0.0000000e+00   0.0000000e+00  -6.1753747e-01   0.0000000e+00   0.0000000e+00   5.0702796e-01
   0.0000000e+00   9.2845625e-01  -1.2934219e+00   0.0000000e+00   0.0000000e+00   0.0000000e+00   0.0000000e+00   0.0000000e+00  -8.9995936e-01   0.0000000e+00
   0.0000000e+00  -2.2370351e-01  -8.4359274e-01   0.0000000e+00   0.0000000e+00   0.0000000e+00   0.0000000e+00   0.0000000e+00   5.9778030e-01   0.0000000e+00
   0.0000000e+00   0.0000000e+00   0.0000000e+00  -5.5179349e-01   2.5766621e-01  -5.3595590e-01   0.0000000e+00   5.8470791e-01   0.0000000e+00   0.0000000e+00
   0.0000000e+00   0.0000000e+00   0.0000000e+00  -3.6132162e-01  -9.1245854e-01  -1.6803163e-01   0.0000000e+00  -9.2905742e-02   0.0000000e+00   0.0000000e+00
   0.0000000e+00   0.0000000e+00   0.0000000e+00   6.1340414e-01  -8.9758069e-02  -7.7882384e-01   0.0000000e+00  -9.5458264e-02   0.0000000e+00   0.0000000e+00
   1.1436748e-01   0.0000000e+00   0.0000000e+00   0.0000000e+00   0.0000000e+00   0.0000000e+00   5.6151032e-01   0.0000000e+00   0.0000000e+00   8.1952806e-01
   0.0000000e+00   0.0000000e+00   0.0000000e+00  -4.3440304e-01   3.0491150e-01  -2.7919540e-01   0.0000000e+00  -8.0023303e-01   0.0000000e+00   0.0000000e+00
   0.0000000e+00  -9.4714519e-01  -4.5029834e-01   0.0000000e+00   0.0000000e+00   0.0000000e+00   0.0000000e+00   0.0000000e+00  -1.3037703e+00   0.0000000e+00
   7.9079071e-01   0.0000000e+00   0.0000000e+00   0.0000000e+00   0.0000000e+00   0.0000000e+00  -5.5077548e-01   0.0000000e+00   0.0000000e+00   2.6701389e-01
