  -9.9158418e-01   0.0000000e+00   0.0000000e+00  -1.0417592e-01   0.0000000e+00  -7.6823739e-02  -2.5118764e-03   0.0000000e+00   0.0000000e+00   0.0000000e+00
   0.0000000e+00  -1.8387039e+00   5.9940609e-01   0.0000000e+00   0.0000000e+00   0.0000000e+00   0.0000000e+00   0.0000000e+00   0.0000000e+00   2.0809924e-01
   0.0000000e+00  -1.2219374e-01   5.6476310e-01   0.0000000e+00   0.0000000e+00   0.0000000e+00   0.0000000e+00   0.0000000e+00   0.0000000e+00   9.7412976e-01
   1.1670769e-01   0.0000000e+00   0.0000000e+00  -9.7407321e-01   0.0000000e+00  -1.8714358e-01   5.0378276e-02   0.0000000e+00   0.0000000e+00   0.0000000e+00
   0.0000000e+00   0.0000000e+00   0.0000000e+00   0.0000000e+00  -6.8079285e-02   0.0000000e+00   0.0000000e+00  -7.2669039e-01   6.8358342e-01   0.0000000e+00
   1.2184486e-02   0.0000000e+00   0.0000000e+00   1.1588887e-01   0.0000000e+00  -3.4487136e-01   9.3138878e-01   0.0000000e+00   0.0000000e+00   0.0000000e+00
  -5.4696179e-02   0.0000000e+00   0.0000000e+00  -1.6400769e-01   0.0000000e+00   9.1659104e-01   3.6051445e-01   0.0000000e+00   0.0000000e+00   0.0000000e+00
   0.0000000e+00   0.0000000e+00   0.0000000e+00   0.0000000e+00   3.2071567e-01   0.0000000e+00   0.0000000e+00   6.3286541e-01   7.0471472e-01   0.0000000e+00
   0.0000000e+00   0.0000000e+00   0.0000000e+00   0.0000000e+00   9.4472571e-01   0.0000000e+00   0.0000000e+00  -2.6721239e-01  -1.8997597e-01   0.0000000e+00
   0.0000000e+00  -3.0692993e-01  -9.6670803e-01   0.0000000e+00   0.0000000e+00   0.0000000e+00   0.0000000e+00   0.0000000e+00   0.0000000e+00   4.1844931e-01
