  -1.2246865e-01   5.9805124e-01   0.0000000e+00   0.0000000e+00   0.0000000e+00  -7.3363772e-01   0.0000000e+00   0.0000000e+00   2.9851605e-01   0.0000000e+00
  -5.4831685e-01  -7.0458326e-01   0.0000000e+00   0.0000000e+00   0.0000000e+00  -4.3453706e-01   0.0000000e+00   0.0000000e+00   1.1869543e-01   0.0000000e+00
   0.0000000e+00   0.0000000e+00   2.1017851e-01   0.0000000e+00   6.5421718e-01   0.0000000e+00  -7.2651558e-01   0.0000000e+00   0.0000000e+00   0.0000000e+00
   0.0000000e+00   0.0000000e+00   0.0000000e+00   8.2965211e-02   0.0000000e+00   0.0000000e+00   0.0000000e+00  -1.5790738e+00   0.0000000e+00   1.0469067e-01
   0.0000000e+00   0.0000000e+00  -5.9917234e-01   0.0000000e+00   6.7339703e-01   0.0000000e+00   4.3304612e-01   0.0000000e+00   0.0000000e+00   0.0000000e+00
   2.2916285e-01  -5.5319576e-02   0.0000000e+00   0.0000000e+00   0.0000000e+00  -4.3662301e-01   0.0000000e+00   0.0000000e+00  -8.6820762e-01   0.0000000e+00
   0.0000000e+00   0.0000000e+00  -7.7253964e-01   0.0000000e+00  -3.4429105e-01   0.0000000e+00  -5.3352242e-01   0.0000000e+00   0.0000000e+00   0.0000000e+00
   0.0000000e+00   0.0000000e+00   0.0000000e+00  -9.7250962e-01   0.0000000e+00   0.0000000e+00   0.0000000e+00   1.6688570e-01   0.0000000e+00   9.8822232e-01
  -7.9488014e-01   3.7793768e-01   0.0000000e+00   0.0000000e+00   0.0000000e+00   2.8690343e-01   0.0000000e+00   0.0000000e+00  -3.7817336e-01   0.0000000e+00
   0.0000000e+00   0.0000000e+00   0.0000000e+00  -1.3595940e+00   0.0000000e+00   0.0000000e+00   0.0000000e+00   6.2423354e-01   0.0000000e+00  -5.0134618e-01
