   2.4127123e-01   9.7045772e-01
   9.7045772e-01  -2.4127123e-01
  -2.8328285e-01  -9.5903641e-01
  -9.5903641e-01   2.8328285e-01
  -9.9569801e-01   9.2657798e-02
  -9.2657798e-02  -9.9569801e-01
  -9.5962714e-01  -2.8127523e-01
  -2.8127523e-01   9.5962714e-01
  -9.8315369e-01  -1.8278082e-01
  -1.8278082e-01   9.8315369e-01
  -9.2569791e-01   3.7826365e-01
  -3.7826365e-01  -9.2569791e-01
  -1.0836234e-01  -9.9411146e-01
  -9.9411146e-01   1.0836234e-01
   1.2424045e-01  -9.9225214e-01
  -9.9225214e-01  -1.2424045e-01
  -6.1784376e-01   7.8630089e-01
  -7.8630089e-01  -6.1784376e-01
  -9.9953491e-01   3.0495268e-02
   3.0495268e-02   9.9953491e-01
