   3.8150258e-01  -6.9287947e-01   0.0000000e+00  -4.2219063e-01   0.0000000e+00   0.0000000e+00   0.0000000e+00   0.0000000e+00  -4.4286443e-01   0.0000000e+00
  -8.9938263e-02  -6.6190517e-01   0.0000000e+00   6.7391374e-01   0.0000000e+00   0.0000000e+00   0.0000000e+00   0.0000000e+00   3.1564684e-01   0.0000000e+00
   0.0000000e+00   0.0000000e+00  -9.6349838e-01   0.0000000e+00   0.0000000e+00  -2.2476357e-01   0.0000000e+00   0.0000000e+00   0.0000000e+00  -1.4543802e-01
   3.9414692e-01  -6.6867315e-02   0.0000000e+00  -3.9947798e-01   0.0000000e+00   0.0000000e+00   0.0000000e+00   0.0000000e+00   8.2498140e-01   0.0000000e+00
   0.0000000e+00   0.0000000e+00   0.0000000e+00   0.0000000e+00   2.9841130e-01   0.0000000e+00   5.1255078e-01  -8.0513502e-01   0.0000000e+00   0.0000000e+00
   0.0000000e+00   0.0000000e+00  -2.6675958e-01   0.0000000e+00   0.0000000e+00   8.5187160e-01   0.0000000e+00   0.0000000e+00   0.0000000e+00   4.5072619e-01
   0.0000000e+00   0.0000000e+00   0.0000000e+00   0.0000000e+00  -8.7887350e-01   0.0000000e+00   4.7652957e-01  -2.2381567e-02   0.0000000e+00   0.0000000e+00
   0.0000000e+00   0.0000000e+00   0.0000000e+00   0.0000000e+00   3.7219895e-01   0.0000000e+00   7.1429075e-01   5.9266911e-01   0.0000000e+00   0.0000000e+00
   8.3127318e-01   2.7807977e-01   0.0000000e+00   4.5608408e-01   0.0000000e+00   0.0000000e+00   0.0000000e+00   0.0000000e+00  -1.5376561e-01   0.0000000e+00
   0.0000000e+00   0.0000000e+00  -2.2587699e-02   0.0000000e+00   0.0000000e+00  -4.7307093e-01   0.0000000e+00   0.0000000e+00   0.0000000e+00   8.8073474e-01
