   1.4399597e-01   0.0000000e+00  -5.3192953e-01   0.0000000e+00  -6.3049276e-02   6.4982274e-01   0.0000000e+00   0.0000000e+00   0.0000000e+00   0.0000000e+00   3.2845655e-01   0.0000000e+00   0.0000000e+00   0.0000000e+00   0.0000000e+00   0.0000000e+00   0.0000000e+00  -4.0272524e-01   0.0000000e+00   0.0000000e+00
   0.0000000e+00   2.7435843e-01   0.0000000e+00  -2.6420533e-01   0.0000000e+00   0.0000000e+00  -1.9292749e-01  -6.6393657e-01   0.0000000e+00   0.0000000e+00   0.0000000e+00   0.0000000e+00   0.0000000e+00   0.0000000e+00  -5.4674284e-01   0.0000000e+00  -2.7921760e-01   0.0000000e+00   0.0000000e+00   0.0000000e+00
   4.3697370e-01   0.0000000e+00  -3.7363591e-01   0.0000000e+00  -1.1121985e-02  -3.0660953e-01   0.0000000e+00   0.0000000e+00   0.0000000e+00   0.0000000e+00  -6.5698161e-01   0.0000000e+00   0.0000000e+00   0.0000000e+00   0.0000000e+00   0.0000000e+00   0.0000000e+00  -3.7906762e-01   0.0000000e+00   0.0000000e+00
   0.0000000e+00  -1.9427444e-01   0.0000000e+00   2.3979673e-01   0.0000000e+00   0.0000000e+00  -2.7561835e-01   5.6871116e-03   0.0000000e+00   0.0000000e+00   0.0000000e+00   0.0000000e+00   0.0000000e+00   0.0000000e+00  -5.0860622e-01   0.0000000e+00   7.5503435e-01   0.0000000e+00   0.0000000e+00   0.0000000e+00
   2.7153057e-02   0.0000000e+00  -3.4625497e-01   0.0000000e+00  -4.8339795e-01   2.5022891e-01   0.0000000e+00   0.0000000e+00   0.0000000e+00   0.0000000e+00  -2.9901520e-01   0.0000000e+00   0.0000000e+00   0.0000000e+00   0.0000000e+00   0.0000000e+00   0.0000000e+00   7.0261798e-01   0.0000000e+00   0.0000000e+00
   5.7488518e-01   0.0000000e+00  -4.9651984e-02   0.0000000e+00  -3.7977912e-01  -4.3687859e-01   0.0000000e+00   0.0000000e+00   0.0000000e+00   0.0000000e+00   5.6910482e-01   0.0000000e+00   0.0000000e+00   0.0000000e+00   0.0000000e+00   0.0000000e+00   0.0000000e+00   8.9812761e-02   0.0000000e+00   0.0000000e+00
   0.0000000e+00  -3.6726734e-01   0.0000000e+00  -1.0292481e-01   0.0000000e+00   0.0000000e+00  -9.0730571e-02   5.6704661e-01   0.0000000e+00   0.0000000e+00   0.0000000e+00   0.0000000e+00   0.0000000e+00   0.0000000e+00  -5.5094286e-01   0.0000000e+00  -4.7032888e-01   0.0000000e+00   0.0000000e+00   0.0000000e+00
   0.0000000e+00  -6.4099616e-01   0.0000000e+00   3.7926904e-01   0.0000000e+00   0.0000000e+00  -4.0327189e-01  -3.9043315e-01   0.0000000e+00   0.0000000e+00   0.0000000e+00   0.0000000e+00   0.0000000e+00   0.0000000e+00   2.4621376e-01   0.0000000e+00  -2.6380189e-01   0.0000000e+00   0.0000000e+00   0.0000000e+00
   0.0000000e+00   0.0000000e+00   0.0000000e+00   0.0000000e+00   0.0000000e+00   0.0000000e+00   0.0000000e+00   0.0000000e+00   6.1894435e-01   5.2813059e-02   0.0000000e+00   9.7427622e-02   1.0807815e-01   4.4325445e-01   0.0000000e+00   2.0505295e-01   0.0000000e+00   0.0000000e+00   5.8854339e-01  -8.9672151e-02
   0.0000000e+00   0.0000000e+00   0.0000000e+00   0.0000000e+00   0.0000000e+00   0.0000000e+00   0.0000000e+00   0.0000000e+00   2.6377409e-01   3.0518271e-01   0.0000000e+00   4.9410818e-01  -4.5517489e-01  -1.1813952e-01   0.0000000e+00  -1.1698134e-01   0.0000000e+00   0.0000000e+00  -8.2936021e-02   5.9282350e-01
   6.5760509e-01   0.0000000e+00   5.2391066e-01   0.0000000e+00   1.9112760e-01   4.6306245e-01   0.0000000e+00   0.0000000e+00   0.0000000e+00   0.0000000e+00  -1.5650625e-01   0.0000000e+00   0.0000000e+00   0.0000000e+00   0.0000000e+00   0.0000000e+00   0.0000000e+00   1.3274925e-01   0.0000000e+00   0.0000000e+00
   0.0000000e+00   0.0000000e+00   0.0000000e+00   0.0000000e+00   0.0000000e+00   0.0000000e+00   0.0000000e+00   0.0000000e+00  -3.5906421e-01  -1.2253484e-01   0.0000000e+00   2.2684247e-01  -3.3738586e-01  -5.0837001e-02   0.0000000e+00  -5.2025913e-01   0.0000000e+00   0.0000000e+00   5.9370808e-01  -2.5500613e-01
   0.0000000e+00   0.0000000e+00   0.0000000e+00   0.0000000e+00   0.0000000e+00   0.0000000e+00   0.0000000e+00   0.0000000e+00  -2.0962380e-01  -5.7662167e-01   0.0000000e+00  -2.1003148e-01   4.4436345e-02   2.6774239e-01   0.0000000e+00   2.0402563e-02   0.0000000e+00   0.0000000e+00   1.9424098e-01   6.8384625e-01
   0.0000000e+00   0.0000000e+00   0.0000000e+00   0.0000000e+00   0.0000000e+00   0.0000000e+00   0.0000000e+00   0.0000000e+00  -2.9261680e-01   6.2418261e-01   0.0000000e+00  -3.4150388e-01  -5.7051427e-02   5.8744737e-01   0.0000000e+00  -2.1017392e-01   0.0000000e+00   0.0000000e+00  -3.2065208e-02   1.2081409e-01
   0.0000000e+00  -5.2658930e-01   0.0000000e+00  -2.2348902e-01   0.0000000e+00   0.0000000e+00   7.4655427e-01  -2.8871685e-01   0.0000000e+00   0.0000000e+00   0.0000000e+00   0.0000000e+00   0.0000000e+00   0.0000000e+00  -1.3126186e-01   0.0000000e+00   1.2176203e-01   0.0000000e+00   0.0000000e+00   0.0000000e+00
   0.0000000e+00   0.0000000e+00   0.0000000e+00   0.0000000e+00   0.0000000e+00   0.0000000e+00   0.0000000e+00   0.0000000e+00   3.3199912e-01   8.9253864e-02   0.0000000e+00  -2.0723133e-01   5.1397418e-01  -2.7835024e-01   0.0000000e+00  -6.7582709e-01   0.0000000e+00   0.0000000e+00   5.7248156e-02   1.9286677e-01
   0.0000000e+00   2.5283833e-01   0.0000000e+00   8.1750059e-01   0.0000000e+00   0.0000000e+00   3.9825868e-01  -4.2644633e-02   0.0000000e+00   0.0000000e+00   0.0000000e+00   0.0000000e+00   0.0000000e+00   0.0000000e+00  -2.4698795e-01   0.0000000e+00  -2.1525329e-01   0.0000000e+00   0.0000000e+00   0.0000000e+00
  -1.5698543e-01   0.0000000e+00   4.2497879e-01   0.0000000e+00  -7.6253890e-01   1.2576472e-01   0.0000000e+00   0.0000000e+00   0.0000000e+00   0.0000000e+00  -1.5068800e-01   0.0000000e+00   0.0000000e+00   0.0000000e+00   0.0000000e+00   0.0000000e+00   0.0000000e+00  -4.1804233e-01   0.0000000e+00   0.0000000e+00
   0.0000000e+00   0.0000000e+00   0.0000000e+00   0.0000000e+00   0.0000000e+00   0.0000000e+00   0.0000000e+00   0.0000000e+00  -1.1066919e-01  -1.8050436e-01   0.0000000e+00   6.4368434e-01   3.8707561e-01   4.6793241e-01   0.0000000e+00  -2.2934841e-01   0.0000000e+00   0.0000000e+00  -3.3213153e-01  -9.5606815e-02
   0.0000000e+00   0.0000000e+00   0.0000000e+00   0.0000000e+00   0.0000000e+00   0.0000000e+00   0.0000000e+00   0.0000000e+00  -4.0788013e-01   3.5554880e-01   0.0000000e+00   2.7729944e-01   4.9807557e-01  -2.7159558e-01   0.0000000e+00   3.4592888e-01   0.0000000e+00   0.0000000e+00   3.7669956e-01   2.1658968e-01
