  -4.3421825e-01   0.0000000e+00  -7.4600765e-01   4.8738591e-01   0.0000000e+00   0.0000000e+00   0.0000000e+00   0.0000000e+00   0.0000000e+00   1.3184107e-01
   0.0000000e+00  -3.9417735e-01   0.0000000e+00   0.0000000e+00   0.0000000e+00   1.7668771e-01   0.0000000e+00   0.0000000e+00   9.0189005e-01   0.0000000e+00
  -3.1729450e-01   0.0000000e+00  -3.2013000e-01  -5.9193823e-01   0.0000000e+00   0.0000000e+00   0.0000000e+00   0.0000000e+00   0.0000000e+00  -6.6816923e-01
  -7.3438965e-01   0.0000000e+00   5.8388868e-01   2.9036194e-01   0.0000000e+00   0.0000000e+00   0.0000000e+00   0.0000000e+00   0.0000000e+00  -1.8824396e-01
   0.0000000e+00   0.0000000e+00   0.0000000e+00   0.0000000e+00  -1.2505487e+00   0.0000000e+00  -4.8563197e-01   1.6412166e-01   0.0000000e+00   0.0000000e+00
   0.0000000e+00  -4.2915365e-02   0.0000000e+00   0.0000000e+00   0.0000000e+00  -9.8381349e-01   0.0000000e+00   0.0000000e+00   1.7398073e-01   0.0000000e+00
   0.0000000e+00   0.0000000e+00   0.0000000e+00   0.0000000e+00   1.3306981e+00   0.0000000e+00  -9.2141554e-01  -7.3851305e-01   0.0000000e+00   0.0000000e+00
   0.0000000e+00   0.0000000e+00   0.0000000e+00   0.0000000e+00  -2.8275837e-01   0.0000000e+00   4.5409053e-01  -1.2317632e+00   0.0000000e+00   0.0000000e+00
   0.0000000e+00   9.1803186e-01   0.0000000e+00   0.0000000e+00   0.0000000e+00   2.9874323e-02   0.0000000e+00   0.0000000e+00   3.9537961e-01   0.0000000e+00
   4.1406588e-01   0.0000000e+00   7.9605160e-03   5.7249808e-01   0.0000000e+00   0.0000000e+00   0.0000000e+00   0.0000000e+00   0.0000000e+00  -7.0762421e-01
