  -1.2141939e+00   0.0000000e+00  -1.3639853e+00   0.0000000e+00   0.0000000e+00   0.0000000e+00   0.0000000e+00   0.0000000e+00   0.0000000e+00   0.0000000e+00
   0.0000000e+00   1.7732009e-01   0.0000000e+00   0.0000000e+00   0.0000000e+00   0.0000000e+00   5.0497679e-01   8.4472246e-01   0.0000000e+00   0.0000000e+00
  -1.2718323e+00   0.0000000e+00   2.1844901e-01   0.0000000e+00   0.0000000e+00   0.0000000e+00   0.0000000e+00   0.0000000e+00   0.0000000e+00   0.0000000e+00
   0.0000000e+00   0.0000000e+00   0.0000000e+00   4.0876880e-01   0.0000000e+00   0.0000000e+00   0.0000000e+00   0.0000000e+00  -1.1353631e+00   0.0000000e+00
   0.0000000e+00   0.0000000e+00   0.0000000e+00   0.0000000e+00   1.0000000e+00   0.0000000e+00   0.0000000e+00   0.0000000e+00   0.0000000e+00   0.0000000e+00
   0.0000000e+00   0.0000000e+00   0.0000000e+00   0.0000000e+00   0.0000000e+00  -1.7728790e-01   0.0000000e+00   0.0000000e+00   0.0000000e+00  -9.8415903e-01
   0.0000000e+00   2.7300044e-01   0.0000000e+00   0.0000000e+00   0.0000000e+00   0.0000000e+00   7.9940098e-01  -5.3519046e-01   0.0000000e+00   0.0000000e+00
   0.0000000e+00   9.4553072e-01   0.0000000e+00   0.0000000e+00   0.0000000e+00   0.0000000e+00  -3.2550962e-01  -3.8909670e-03   0.0000000e+00   0.0000000e+00
   0.0000000e+00   0.0000000e+00   0.0000000e+00  -1.8618054e+00   0.0000000e+00   0.0000000e+00   0.0000000e+00   0.0000000e+00   2.7845872e-01   0.0000000e+00
   0.0000000e+00   0.0000000e+00   0.0000000e+00   0.0000000e+00   0.0000000e+00  -9.8415903e-01   0.0000000e+00   0.0000000e+00   0.0000000e+00   1.7728790e-01
