   1.2266762e+00   0.0000000e+00   1.0243335e+00   0.0000000e+00   0.0000000e+00   0.0000000e+00   0.0000000e+00   6.4001956e-01   0.0000000e+00   0.0000000e+00   0.0000000e+00  -5.5193112e-02   0.0000000e+00   0.0000000e+00   0.0000000e+00   0.0000000e+00   0.0000000e+00   0.0000000e+00   0.0000000e+00   0.0000000e+00
   0.0000000e+00   7.4075317e-01   0.0000000e+00   0.0000000e+00   0.0000000e+00   0.0000000e+00   0.0000000e+00   0.0000000e+00   0.0000000e+00   0.0000000e+00   0.0000000e+00   0.0000000e+00   0.0000000e+00   0.0000000e+00   0.0000000e+00   6.7177730e-01   0.0000000e+00   0.0000000e+00   0.0000000e+00   0.0000000e+00
  -8.4345710e-01   0.0000000e+00  -3.0499636e-01   0.0000000e+00   0.0000000e+00   0.0000000e+00   0.0000000e+00   9.1958045e-01   0.0000000e+00   0.0000000e+00   0.0000000e+00   1.1827767e+00   0.0000000e+00   0.0000000e+00   0.0000000e+00   0.0000000e+00   0.0000000e+00   0.0000000e+00   0.0000000e+00   0.0000000e+00
   0.0000000e+00   0.0000000e+00   0.0000000e+00   3.5336032e-01  -1.0884749e-01   0.0000000e+00   0.0000000e+00   0.0000000e+00   0.0000000e+00  -2.8584962e-01   4.5660338e-02   0.0000000e+00  -8.7872771e-01   0.0000000e+00   0.0000000e+00   0.0000000e+00   0.0000000e+00   0.0000000e+00   0.0000000e+00   8.5623872e-02
   0.0000000e+00   0.0000000e+00   0.0000000e+00  -3.7386215e-01  -7.2597978e-01   0.0000000e+00   0.0000000e+00   0.0000000e+00   0.0000000e+00   1.3937043e-01   4.0623647e-01   0.0000000e+00  -4.7347744e-02   0.0000000e+00   0.0000000e+00   0.0000000e+00   0.0000000e+00   0.0000000e+00   0.0000000e+00   3.8273549e-01
   0.0000000e+00   0.0000000e+00   0.0000000e+00   0.0000000e+00   0.0000000e+00   4.2393741e-01   0.0000000e+00   0.0000000e+00   8.6083207e-01   0.0000000e+00   0.0000000e+00   0.0000000e+00   0.0000000e+00  -2.7677658e-01   0.0000000e+00   0.0000000e+00  -5.1380352e-02   0.0000000e+00   0.0000000e+00   0.0000000e+00
   0.0000000e+00   0.0000000e+00   0.0000000e+00   0.0000000e+00   0.0000000e+00   0.0000000e+00   4.3910077e-01   0.0000000e+00   0.0000000e+00   0.0000000e+00   0.0000000e+00   0.0000000e+00   0.0000000e+00   0.0000000e+00   4.4480637e-01   0.0000000e+00   0.0000000e+00  -7.9196990e-01   1.4851584e+00   0.0000000e+00
   1.9300751e-01   0.0000000e+00  -4.0978649e-01   0.0000000e+00   0.0000000e+00   0.0000000e+00   0.0000000e+00  -1.0283233e+00   0.0000000e+00   0.0000000e+00   0.0000000e+00   6.6962568e-01   0.0000000e+00   0.0000000e+00   0.0000000e+00   0.0000000e+00   0.0000000e+00   0.0000000e+00   0.0000000e+00   0.0000000e+00
   0.0000000e+00   0.0000000e+00   0.0000000e+00   0.0000000e+00   0.0000000e+00  -2.6977002e-01   0.0000000e+00   0.0000000e+00   3.1660607e-02   0.0000000e+00   0.0000000e+00   0.0000000e+00   0.0000000e+00  -1.3791945e-01   0.0000000e+00   0.0000000e+00  -9.5247045e-01   0.0000000e+00   0.0000000e+00   0.0000000e+00
   0.0000000e+00   0.0000000e+00   0.0000000e+00  -6.8388618e-01   4.2569279e-01   0.0000000e+00   0.0000000e+00   0.0000000e+00   0.0000000e+00   1.4669148e-01   3.0881330e-01   0.0000000e+00  -3.8764179e-01   0.0000000e+00   0.0000000e+00   0.0000000e+00   0.0000000e+00   0.0000000e+00   0.0000000e+00  -2.8971561e-01
   0.0000000e+00   0.0000000e+00   0.0000000e+00  -3.1546692e-01   1.9155542e-01   0.0000000e+00   0.0000000e+00   0.0000000e+00   0.0000000e+00   1.4077837e-01  -6.2786405e-01   0.0000000e+00  -1.6568401e-01   0.0000000e+00   0.0000000e+00   0.0000000e+00   0.0000000e+00   0.0000000e+00   0.0000000e+00   6.4984931e-01
   3.2733844e-01   0.0000000e+00  -8.4495519e-01   0.0000000e+00   0.0000000e+00   0.0000000e+00   0.0000000e+00   6.2881315e-01   0.0000000e+00   0.0000000e+00   0.0000000e+00   2.9499721e-02   0.0000000e+00   0.0000000e+00   0.0000000e+00   0.0000000e+00   0.0000000e+00   0.0000000e+00   0.0000000e+00   0.0000000e+00
   0.0000000e+00   0.0000000e+00   0.0000000e+00  -6.8538315e-02  -4.4215215e-01   0.0000000e+00   0.0000000e+00   0.0000000e+00   0.0000000e+00   4.4491475e-01  -5.1411446e-01   0.0000000e+00  -1.9747765e-01   0.0000000e+00   0.0000000e+00   0.0000000e+00   0.0000000e+00   0.0000000e+00   0.0000000e+00  -5.4639156e-01
   0.0000000e+00   0.0000000e+00   0.0000000e+00   0.0000000e+00   0.0000000e+00   5.3676872e-01   0.0000000e+00   0.0000000e+00  -2.3317405e-02   0.0000000e+00   0.0000000e+00   0.0000000e+00   0.0000000e+00   7.9950197e-01   0.0000000e+00   0.0000000e+00  -2.6857445e-01   0.0000000e+00   0.0000000e+00   0.0000000e+00
   0.0000000e+00   0.0000000e+00   0.0000000e+00   0.0000000e+00   0.0000000e+00   0.0000000e+00   1.9717731e-01   0.0000000e+00   0.0000000e+00   0.0000000e+00   0.0000000e+00   0.0000000e+00   0.0000000e+00   0.0000000e+00   5.5193188e-01   0.0000000e+00   0.0000000e+00   1.2352811e+00   5.4023867e-01   0.0000000e+00
   0.0000000e+00  -6.7177730e-01   0.0000000e+00   0.0000000e+00   0.0000000e+00   0.0000000e+00   0.0000000e+00   0.0000000e+00   0.0000000e+00   0.0000000e+00   0.0000000e+00   0.0000000e+00   0.0000000e+00   0.0000000e+00   0.0000000e+00   7.4075317e-01   0.0000000e+00   0.0000000e+00   0.0000000e+00   0.0000000e+00
   0.0000000e+00   0.0000000e+00   0.0000000e+00   0.0000000e+00   0.0000000e+00   6.7777617e-01   0.0000000e+00   0.0000000e+00  -5.0736777e-01   0.0000000e+00   0.0000000e+00   0.0000000e+00   0.0000000e+00  -5.1494616e-01   0.0000000e+00   0.0000000e+00  -1.3426787e-01   0.0000000e+00   0.0000000e+00   0.0000000e+00
   0.0000000e+00   0.0000000e+00   0.0000000e+00   0.0000000e+00   0.0000000e+00   0.0000000e+00   1.3051892e+00   0.0000000e+00   0.0000000e+00   0.0000000e+00   0.0000000e+00   0.0000000e+00   0.0000000e+00   0.0000000e+00  -2.7031679e-01   0.0000000e+00   0.0000000e+00   7.2671411e-01  -2.7176480e-01   0.0000000e+00
   0.0000000e+00   0.0000000e+00   0.0000000e+00   0.0000000e+00   0.0000000e+00   0.0000000e+00   8.7683393e-01   0.0000000e+00   0.0000000e+00   0.0000000e+00   0.0000000e+00   0.0000000e+00   0.0000000e+00   0.0000000e+00   1.0416959e+00   0.0000000e+00   0.0000000e+00  -5.5897169e-01  -1.0425958e+00   0.0000000e+00
   0.0000000e+00   0.0000000e+00   0.0000000e+00   4.0428504e-01   2.1840153e-01   0.0000000e+00   0.0000000e+00   0.0000000e+00   0.0000000e+00   8.1214519e-01   2.8105953e-01   0.0000000e+00  -9.4239199e-02   0.0000000e+00   0.0000000e+00   0.0000000e+00   0.0000000e+00   0.0000000e+00   0.0000000e+00   2.0346767e-01
