   4.9679930e-02   0.0000000e+00   3.9884514e-01   0.0000000e+00   0.0000000e+00   0.0000000e+00   0.0000000e+00   2.7870714e-02   0.0000000e+00   0.0000000e+00   0.0000000e+00   3.8411205e-01   7.0414630e-01   0.0000000e+00   3.5618138e-01   0.0000000e+00   9.6784261e-02   0.0000000e+00   0.0000000e+00  -2.4100049e-01
   0.0000000e+00   3.0716251e-01   0.0000000e+00   0.0000000e+00   5.4208218e-02   0.0000000e+00   0.0000000e+00   0.0000000e+00   1.8696478e-01   0.0000000e+00   0.0000000e+00   0.0000000e+00   0.0000000e+00  -9.6661723e-02   0.0000000e+00  -5.4836377e-01   0.0000000e+00   7.4680019e-01   0.0000000e+00   0.0000000e+00
   4.0885577e-01   0.0000000e+00   4.2389591e-02   0.0000000e+00   0.0000000e+00   0.0000000e+00   0.0000000e+00  -8.5393133e-02   0.0000000e+00   0.0000000e+00   0.0000000e+00   6.2756374e-01   1.4816391e-02   0.0000000e+00  -5.5764964e-01   0.0000000e+00  -6.2354284e-02   0.0000000e+00   0.0000000e+00   3.3886744e-01
   0.0000000e+00   0.0000000e+00   0.0000000e+00  -3.2636841e-02   0.0000000e+00   1.2855954e+00   4.9035403e-01   0.0000000e+00   0.0000000e+00   2.0978080e-01  -3.3970939e-01   0.0000000e+00   0.0000000e+00   0.0000000e+00   0.0000000e+00   0.0000000e+00   0.0000000e+00   0.0000000e+00  -2.2275675e-01   0.0000000e+00
   0.0000000e+00  -2.6236519e-01   0.0000000e+00   0.0000000e+00  -2.3455460e-01   0.0000000e+00   0.0000000e+00   0.0000000e+00  -4.9629648e-01   0.0000000e+00   0.0000000e+00   0.0000000e+00   0.0000000e+00   6.5080246e-01   0.0000000e+00  -4.5419665e-01   0.0000000e+00  -8.5427705e-05   0.0000000e+00   0.0000000e+00
   0.0000000e+00   0.0000000e+00   0.0000000e+00  -1.3765647e-01   0.0000000e+00  -7.5033256e-01  -5.5105456e-01   0.0000000e+00   0.0000000e+00   5.0726718e-01  -8.3830260e-01   0.0000000e+00   0.0000000e+00   0.0000000e+00   0.0000000e+00   0.0000000e+00   0.0000000e+00   0.0000000e+00  -1.1264125e-01   0.0000000e+00
   0.0000000e+00   0.0000000e+00   0.0000000e+00   4.5639699e-01   0.0000000e+00  -4.5845790e-01   3.4349194e-02   0.0000000e+00   0.0000000e+00  -8.7758570e-01  -7.5135393e-01   0.0000000e+00   0.0000000e+00   0.0000000e+00   0.0000000e+00   0.0000000e+00   0.0000000e+00   0.0000000e+00  -2.4530149e-01   0.0000000e+00
   4.9248806e-02   0.0000000e+00   3.7489507e-02   0.0000000e+00   0.0000000e+00   0.0000000e+00   0.0000000e+00   7.1994590e-01   0.0000000e+00   0.0000000e+00   0.0000000e+00  -2.3852073e-01   2.3057156e-01   0.0000000e+00  -5.2313947e-01   0.0000000e+00   5.6339306e-02   0.0000000e+00   0.0000000e+00  -3.0156688e-01
   0.0000000e+00  -7.0052268e-02   0.0000000e+00   0.0000000e+00   7.3368504e-01   0.0000000e+00   0.0000000e+00   0.0000000e+00  -5.6384939e-01   0.0000000e+00   0.0000000e+00   0.0000000e+00   0.0000000e+00  -3.2036757e-01   0.0000000e+00  -1.8134108e-01   0.0000000e+00  -5.7903721e-02   0.0000000e+00   0.0000000e+00
   0.0000000e+00   0.0000000e+00   0.0000000e+00   8.0000774e-01   0.0000000e+00  -3.0637579e-01  -8.8302849e-01   0.0000000e+00   0.0000000e+00  -9.0481445e-02   2.9538500e-01   0.0000000e+00   0.0000000e+00   0.0000000e+00   0.0000000e+00   0.0000000e+00   0.0000000e+00   0.0000000e+00  -6.8405930e-01   0.0000000e+00
   0.0000000e+00   0.0000000e+00   0.0000000e+00  -7.1499681e-01   0.0000000e+00   1.8131059e-01  -9.8781252e-03   0.0000000e+00   0.0000000e+00  -5.0950881e-01   1.1290960e-01   0.0000000e+00   0.0000000e+00   0.0000000e+00   0.0000000e+00   0.0000000e+00   0.0000000e+00   0.0000000e+00  -1.0361239e+00   0.0000000e+00
   2.9976070e-02   0.0000000e+00   4.9041504e-01   0.0000000e+00   0.0000000e+00   0.0000000e+00   0.0000000e+00  -2.5714958e-01   0.0000000e+00   0.0000000e+00   0.0000000e+00   2.7815855e-02  -3.3005106e-01   0.0000000e+00  -1.8467552e-01   0.0000000e+00  -4.5235534e-01   0.0000000e+00   0.0000000e+00  -5.8654138e-01
   1.3066307e-01   0.0000000e+00  -2.6127192e-01   0.0000000e+00   0.0000000e+00   0.0000000e+00   0.0000000e+00  -3.4343340e-01   0.0000000e+00   0.0000000e+00   0.0000000e+00  -3.8261102e-01   5.5426187e-01   0.0000000e+00  -1.7129075e-01   0.0000000e+00  -5.5301433e-01   0.0000000e+00   0.0000000e+00   8.9190059e-02
   0.0000000e+00   8.3024006e-01   0.0000000e+00   0.0000000e+00   2.1217134e-01   0.0000000e+00   0.0000000e+00   0.0000000e+00   4.8072306e-03   0.0000000e+00   0.0000000e+00   0.0000000e+00   0.0000000e+00   3.8324273e-01   0.0000000e+00  -4.5207659e-02   0.0000000e+00  -3.4167664e-01   0.0000000e+00   0.0000000e+00
  -4.8440327e-01   0.0000000e+00   3.2467622e-01   0.0000000e+00   0.0000000e+00   0.0000000e+00   0.0000000e+00  -4.1615723e-01   0.0000000e+00   0.0000000e+00   0.0000000e+00  -1.8594393e-01   1.7407137e-01   0.0000000e+00  -4.5158943e-01   0.0000000e+00   4.5225782e-01   0.0000000e+00   0.0000000e+00   1.1578364e-01
   0.0000000e+00  -2.3462968e-01   0.0000000e+00   0.0000000e+00   1.2669972e-01   0.0000000e+00   0.0000000e+00   0.0000000e+00   5.0707429e-01   0.0000000e+00   0.0000000e+00   0.0000000e+00   0.0000000e+00  -1.0160676e-01   0.0000000e+00  -6.2946405e-01   0.0000000e+00  -5.1499789e-01   0.0000000e+00   0.0000000e+00
  -7.3734847e-01   0.0000000e+00  -3.2306909e-01   0.0000000e+00   0.0000000e+00   0.0000000e+00   0.0000000e+00   1.2846644e-01   0.0000000e+00   0.0000000e+00   0.0000000e+00   4.4738966e-01   5.1466556e-02   0.0000000e+00  -8.9041632e-02   0.0000000e+00  -3.4435517e-01   0.0000000e+00   0.0000000e+00  -7.8260804e-02
   0.0000000e+00  -2.9590323e-01   0.0000000e+00   0.0000000e+00   5.8539078e-01   0.0000000e+00   0.0000000e+00   0.0000000e+00   3.7902558e-01   0.0000000e+00   0.0000000e+00   0.0000000e+00   0.0000000e+00   5.5432695e-01   0.0000000e+00   2.4869513e-01   0.0000000e+00   2.3868573e-01   0.0000000e+00   0.0000000e+00
   0.0000000e+00   0.0000000e+00   0.0000000e+00  -4.1261267e-01   0.0000000e+00   7.5831083e-01  -7.0059734e-01   0.0000000e+00   0.0000000e+00  -5.8216541e-01   2.0535575e-02   0.0000000e+00   0.0000000e+00   0.0000000e+00   0.0000000e+00   0.0000000e+00   0.0000000e+00   0.0000000e+00   5.7320698e-01   0.0000000e+00
   1.7788401e-01   0.0000000e+00  -5.6494424e-01   0.0000000e+00   0.0000000e+00   0.0000000e+00   0.0000000e+00  -3.1598459e-01   0.0000000e+00   0.0000000e+00   0.0000000e+00   1.4082603e-01   4.1299510e-02   0.0000000e+00  -1.1480338e-01   0.0000000e+00   3.8730197e-01   0.0000000e+00   0.0000000e+00  -6.0384499e-01
   7.7337751e-02   6.4850548e-02   0.0000000e+00   0.0000000e+00   0.0000000e+00   0.0000000e+00   0.0000000e+00   0.0000000e+00   0.0000000e+00   2.5233808e-01   9.2375997e-02  -5.5994687e-01   0.0000000e+00   0.0000000e+00   0.0000000e+00  -7.7721615e-01   0.0000000e+00   0.0000000e+00   0.0000000e+00   0.0000000e+00
   2.9029978e-01   1.9943245e-02   0.0000000e+00   0.0000000e+00   0.0000000e+00   0.0000000e+00   0.0000000e+00   0.0000000e+00   0.0000000e+00   1.3868987e-01   7.5589040e-01  -3.7088716e-01   0.0000000e+00   0.0000000e+00   0.0000000e+00   4.3262667e-01   0.0000000e+00   0.0000000e+00   0.0000000e+00   0.0000000e+00
   0.0000000e+00   0.0000000e+00   5.1516986e-01   0.0000000e+00   0.0000000e+00   1.9924162e-02  -7.1494969e-02   0.0000000e+00  -9.5257006e-02   0.0000000e+00   0.0000000e+00   0.0000000e+00  -2.7897415e-01   0.0000000e+00   0.0000000e+00   0.0000000e+00   0.0000000e+00  -5.4449777e-01   5.0409476e-01   3.0265770e-01
   0.0000000e+00   0.0000000e+00   0.0000000e+00   5.3415822e-01  -6.4411883e-02   0.0000000e+00   0.0000000e+00   1.2314705e-02   0.0000000e+00   0.0000000e+00   0.0000000e+00   0.0000000e+00   0.0000000e+00   1.1252310e+00   2.0168788e-01   0.0000000e+00   9.4110730e-01   0.0000000e+00   0.0000000e+00   0.0000000e+00
   0.0000000e+00   0.0000000e+00   0.0000000e+00  -3.9521590e-01  -1.1088147e+00   0.0000000e+00   0.0000000e+00   8.8758358e-01   0.0000000e+00   0.0000000e+00   0.0000000e+00   0.0000000e+00   0.0000000e+00   7.2597576e-01  -6.7910339e-01   0.0000000e+00   2.4040474e-01   0.0000000e+00   0.0000000e+00   0.0000000e+00
   0.0000000e+00   0.0000000e+00  -3.4548545e-01   0.0000000e+00   0.0000000e+00   2.8070669e-01  -8.3796203e-03   0.0000000e+00  -1.7023430e-01   0.0000000e+00   0.0000000e+00   0.0000000e+00   4.1400621e-01   0.0000000e+00   0.0000000e+00   0.0000000e+00   0.0000000e+00   1.0517998e-01   2.0712667e-01   7.3988391e-01
   0.0000000e+00   0.0000000e+00   7.9619276e-02   0.0000000e+00   0.0000000e+00  -4.0553673e-01   1.6702703e-01   0.0000000e+00  -7.1775653e-01   0.0000000e+00   0.0000000e+00   0.0000000e+00  -2.0760974e-01   0.0000000e+00   0.0000000e+00   0.0000000e+00   0.0000000e+00   2.5444961e-02  -4.1945104e-01   2.5775927e-01
   0.0000000e+00   0.0000000e+00   0.0000000e+00   9.1518316e-01  -1.8735581e-01   0.0000000e+00   0.0000000e+00  -1.3970853e-01   0.0000000e+00   0.0000000e+00   0.0000000e+00   0.0000000e+00   0.0000000e+00  -4.3255392e-01  -9.8630300e-01   0.0000000e+00   1.8544224e-01   0.0000000e+00   0.0000000e+00   0.0000000e+00
   0.0000000e+00   0.0000000e+00  -4.6106723e-01   0.0000000e+00   0.0000000e+00  -5.5798116e-01  -4.1310936e-01   0.0000000e+00   2.8077410e-01   0.0000000e+00   0.0000000e+00   0.0000000e+00  -3.5663058e-02   0.0000000e+00   0.0000000e+00   0.0000000e+00   0.0000000e+00  -4.3343214e-01  -9.9747840e-02   1.6581825e-01
   8.2059076e-01   2.1498006e-01   0.0000000e+00   0.0000000e+00   0.0000000e+00   0.0000000e+00   0.0000000e+00   0.0000000e+00   0.0000000e+00   8.4516545e-02  -4.8435990e-01  -1.1990668e-01   0.0000000e+00   0.0000000e+00   0.0000000e+00   1.5584996e-01   0.0000000e+00   0.0000000e+00   0.0000000e+00   0.0000000e+00
   3.8919144e-01  -7.4945593e-01   0.0000000e+00   0.0000000e+00   0.0000000e+00   0.0000000e+00   0.0000000e+00   0.0000000e+00   0.0000000e+00   1.7195542e-01   1.7772689e-01   4.0906646e-01   0.0000000e+00   0.0000000e+00   0.0000000e+00  -2.4156771e-01   0.0000000e+00   0.0000000e+00   0.0000000e+00   0.0000000e+00
   2.1532677e-01  -7.7918502e-02   0.0000000e+00   0.0000000e+00   0.0000000e+00   0.0000000e+00   0.0000000e+00   0.0000000e+00   0.0000000e+00  -9.3780676e-01   1.3731792e-01  -1.2235849e-01   0.0000000e+00   0.0000000e+00   0.0000000e+00  -1.8507772e-01   0.0000000e+00   0.0000000e+00   0.0000000e+00   0.0000000e+00
   0.0000000e+00   0.0000000e+00  -2.5962419e-01   0.0000000e+00   0.0000000e+00  -3.5340166e-01   3.4922298e-02   0.0000000e+00  -3.9957240e-01   0.0000000e+00   0.0000000e+00   0.0000000e+00   1.8019342e-01   0.0000000e+00   0.0000000e+00   0.0000000e+00   0.0000000e+00   1.2232281e-01   6.7171717e-01  -3.8495244e-01
   0.0000000e+00   0.0000000e+00   0.0000000e+00   7.6725210e-01  -3.5313404e-01   0.0000000e+00   0.0000000e+00   1.1045521e+00   0.0000000e+00   0.0000000e+00   0.0000000e+00   0.0000000e+00   0.0000000e+00  -6.2264042e-01   6.5631067e-01   0.0000000e+00  -3.3539090e-01   0.0000000e+00   0.0000000e+00   0.0000000e+00
   0.0000000e+00   0.0000000e+00   0.0000000e+00   6.0425314e-01  -5.3956484e-01   0.0000000e+00   0.0000000e+00  -6.0092068e-01   0.0000000e+00   0.0000000e+00   0.0000000e+00   0.0000000e+00   0.0000000e+00   2.5941362e-01   4.2893737e-01   0.0000000e+00  -5.1390488e-01   0.0000000e+00   0.0000000e+00   0.0000000e+00
  -1.9631638e-01  -6.1759596e-01   0.0000000e+00   0.0000000e+00   0.0000000e+00   0.0000000e+00   0.0000000e+00   0.0000000e+00   0.0000000e+00  -2.9956394e-02  -3.6748987e-01  -5.9347926e-01   0.0000000e+00   0.0000000e+00   0.0000000e+00   3.0310278e-01   0.0000000e+00   0.0000000e+00   0.0000000e+00   0.0000000e+00
   0.0000000e+00   0.0000000e+00   0.0000000e+00   2.9198988e-01   1.0854208e+00   0.0000000e+00   0.0000000e+00   3.9738009e-01   0.0000000e+00   0.0000000e+00   0.0000000e+00   0.0000000e+00   0.0000000e+00   4.2308408e-01  -2.3551761e-01   0.0000000e+00  -7.2911033e-01   0.0000000e+00   0.0000000e+00   0.0000000e+00
   0.0000000e+00   0.0000000e+00   5.4167276e-01   0.0000000e+00   0.0000000e+00  -4.0809216e-01  -4.3173912e-02   0.0000000e+00   1.4843236e-01   0.0000000e+00   0.0000000e+00   0.0000000e+00   7.0766535e-01   0.0000000e+00   0.0000000e+00   0.0000000e+00   0.0000000e+00   7.0007673e-02  -8.3631843e-02   5.8903683e-02
   0.0000000e+00   0.0000000e+00   1.5174329e-01   0.0000000e+00   0.0000000e+00  -2.6890381e-01  -2.8396147e-01   0.0000000e+00   2.2371232e-01   0.0000000e+00   0.0000000e+00   0.0000000e+00  -4.0320353e-01   0.0000000e+00   0.0000000e+00   0.0000000e+00   0.0000000e+00   6.9512035e-01   2.1197818e-01   2.8858839e-01
   0.0000000e+00   0.0000000e+00   1.1170258e-01   0.0000000e+00   0.0000000e+00   2.8506590e-01  -8.4412274e-01   0.0000000e+00  -3.6905335e-01   0.0000000e+00   0.0000000e+00   0.0000000e+00   1.0278919e-01   0.0000000e+00   0.0000000e+00   0.0000000e+00   0.0000000e+00   2.9870349e-02  -1.1817451e-01  -1.7914606e-01
  -2.0840357e-02   0.0000000e+00   5.6509221e-01   1.6286334e-01   0.0000000e+00   5.9900940e-01   0.0000000e+00   0.0000000e+00  -2.2545448e-01   1.2692132e-01   0.0000000e+00   0.0000000e+00  -4.7604603e-01   3.6622065e-02   0.0000000e+00   0.0000000e+00   0.0000000e+00   0.0000000e+00   0.0000000e+00   0.0000000e+00
   0.0000000e+00  -9.2157558e-01   0.0000000e+00   0.0000000e+00   3.1986363e-01   0.0000000e+00   0.0000000e+00   0.0000000e+00   0.0000000e+00   0.0000000e+00  -1.5846497e-01  -1.4929588e-01   0.0000000e+00   0.0000000e+00   2.0193987e-01   0.0000000e+00   0.0000000e+00   9.2038825e-01   0.0000000e+00   0.0000000e+00
   6.9445029e-01   0.0000000e+00   1.7192630e-01   3.7776452e-01   0.0000000e+00  -1.3514865e-01   0.0000000e+00   0.0000000e+00  -2.5352441e-01  -2.2540466e-01   0.0000000e+00   0.0000000e+00   1.5960188e-01  -4.3203507e-01   0.0000000e+00   0.0000000e+00   0.0000000e+00   0.0000000e+00   0.0000000e+00   0.0000000e+00
   6.7260308e-02   0.0000000e+00  -1.9775557e-01   6.0247541e-01   0.0000000e+00   2.1899999e-01   0.0000000e+00   0.0000000e+00   6.3824536e-01  -2.7920899e-01   0.0000000e+00   0.0000000e+00  -1.1610610e-01   2.1595312e-01   0.0000000e+00   0.0000000e+00   0.0000000e+00   0.0000000e+00   0.0000000e+00   0.0000000e+00
   0.0000000e+00   5.2839215e-01   0.0000000e+00   0.0000000e+00   1.3285109e+00   0.0000000e+00   0.0000000e+00   0.0000000e+00   0.0000000e+00   0.0000000e+00   3.5817149e-01  -4.0426198e-01   0.0000000e+00   0.0000000e+00  -1.7455412e-01   0.0000000e+00   0.0000000e+00   4.7591961e-01   0.0000000e+00   0.0000000e+00
   1.8033825e-02   0.0000000e+00   2.0055890e-02  -2.1325561e-01   0.0000000e+00   6.0680154e-01   0.0000000e+00   0.0000000e+00   2.9220020e-01   1.4439017e-01   0.0000000e+00   0.0000000e+00   5.8525273e-01  -3.6991382e-01   0.0000000e+00   0.0000000e+00   0.0000000e+00   0.0000000e+00   0.0000000e+00   0.0000000e+00
   0.0000000e+00   0.0000000e+00   0.0000000e+00   0.0000000e+00   0.0000000e+00   0.0000000e+00  -1.4042406e-01   3.6731994e-01   0.0000000e+00   0.0000000e+00   0.0000000e+00   0.0000000e+00   0.0000000e+00   0.0000000e+00   0.0000000e+00  -6.4368616e-01  -6.6908777e-02   0.0000000e+00   1.0407324e-02  -6.5302387e-01
   0.0000000e+00   0.0000000e+00   0.0000000e+00   0.0000000e+00   0.0000000e+00   0.0000000e+00   1.5575384e-01   7.3667105e-01   0.0000000e+00   0.0000000e+00   0.0000000e+00   0.0000000e+00   0.0000000e+00   0.0000000e+00   0.0000000e+00   2.3194609e-01   5.8650971e-04   0.0000000e+00   5.9424201e-01   1.6165890e-01
  -4.3399003e-01   0.0000000e+00   1.3395604e-01  -1.0383039e-01   0.0000000e+00   5.8866576e-02   0.0000000e+00   0.0000000e+00  -1.1942078e-01  -8.4275850e-01   0.0000000e+00   0.0000000e+00   3.0545695e-02  -2.3243526e-01   0.0000000e+00   0.0000000e+00   0.0000000e+00   0.0000000e+00   0.0000000e+00   0.0000000e+00
  -2.9753999e-01   0.0000000e+00  -5.8097425e-01   4.3744207e-01   0.0000000e+00   2.4971288e-01   0.0000000e+00   0.0000000e+00  -5.2344603e-01   1.4199805e-01   0.0000000e+00   0.0000000e+00   6.1526929e-02  -1.4927170e-01   0.0000000e+00   0.0000000e+00   0.0000000e+00   0.0000000e+00   0.0000000e+00   0.0000000e+00
   0.0000000e+00  -5.4203848e-01   0.0000000e+00   0.0000000e+00  -3.9642462e-01   0.0000000e+00   0.0000000e+00   0.0000000e+00   0.0000000e+00   0.0000000e+00   6.5782633e-01  -1.6049243e-01   0.0000000e+00   0.0000000e+00   9.0514522e-01   0.0000000e+00   0.0000000e+00  -4.8286751e-01   0.0000000e+00   0.0000000e+00
   0.0000000e+00   1.6657769e-01   0.0000000e+00   0.0000000e+00  -5.8003046e-01   0.0000000e+00   0.0000000e+00   0.0000000e+00   0.0000000e+00   0.0000000e+00   1.2890916e-01  -8.6448605e-01   0.0000000e+00   0.0000000e+00  -8.6582021e-01   0.0000000e+00   0.0000000e+00   9.6627588e-02   0.0000000e+00   0.0000000e+00
  -3.0756291e-01   0.0000000e+00   4.7804833e-01   4.1332832e-01   0.0000000e+00  -1.9611448e-01   0.0000000e+00   0.0000000e+00  -9.9748228e-02   1.1335696e-01   0.0000000e+00   0.0000000e+00   5.7855286e-01   3.3173895e-01   0.0000000e+00   0.0000000e+00   0.0000000e+00   0.0000000e+00   0.0000000e+00   0.0000000e+00
   3.7547700e-01   0.0000000e+00  -1.6612383e-01  -2.2212229e-01   0.0000000e+00   3.2011059e-01   0.0000000e+00   0.0000000e+00  -3.0651392e-01  -3.0169917e-01   0.0000000e+00   0.0000000e+00   2.2905023e-01   6.6496137e-01   0.0000000e+00   0.0000000e+00   0.0000000e+00   0.0000000e+00   0.0000000e+00   0.0000000e+00
   0.0000000e+00   9.5849796e-01   0.0000000e+00   0.0000000e+00  -3.8220921e-01   0.0000000e+00   0.0000000e+00   0.0000000e+00   0.0000000e+00   0.0000000e+00  -3.5993372e-01  -6.1683637e-01   0.0000000e+00   0.0000000e+00   1.3586036e+00   0.0000000e+00   0.0000000e+00   1.4461523e-01   0.0000000e+00   0.0000000e+00
   0.0000000e+00   0.0000000e+00   0.0000000e+00   0.0000000e+00   0.0000000e+00   0.0000000e+00  -1.5207211e-01  -4.4754253e-01   0.0000000e+00   0.0000000e+00   0.0000000e+00   0.0000000e+00   0.0000000e+00   0.0000000e+00   0.0000000e+00  -2.7234430e-04  -5.9218506e-01   0.0000000e+00   6.3561246e-01  -1.4796397e-01
   0.0000000e+00   0.0000000e+00   0.0000000e+00   0.0000000e+00   0.0000000e+00   0.0000000e+00   2.8797677e-01   2.0122569e-01   0.0000000e+00   0.0000000e+00   0.0000000e+00   0.0000000e+00   0.0000000e+00   0.0000000e+00   0.0000000e+00   4.8576148e-01  -5.7458752e-01   0.0000000e+00  -4.1188995e-01  -3.7524558e-01
   0.0000000e+00   4.3796887e-02   0.0000000e+00   0.0000000e+00   2.3789691e-01   0.0000000e+00   0.0000000e+00   0.0000000e+00   0.0000000e+00   0.0000000e+00  -7.7430560e-01  -5.8102541e-01   0.0000000e+00   0.0000000e+00  -2.8257706e-01   0.0000000e+00   0.0000000e+00  -8.9248262e-01   0.0000000e+00   0.0000000e+00
   0.0000000e+00   0.0000000e+00   0.0000000e+00   0.0000000e+00   0.0000000e+00   0.0000000e+00  -1.4767661e-01   2.2905996e-01   0.0000000e+00   0.0000000e+00   0.0000000e+00   0.0000000e+00   0.0000000e+00   0.0000000e+00   0.0000000e+00  -4.0860354e-01  -5.6066498e-01   0.0000000e+00  -2.5300280e-01   6.1677440e-01
   0.0000000e+00   0.0000000e+00   0.0000000e+00   0.0000000e+00   0.0000000e+00   0.0000000e+00   9.1003126e-01  -1.7069639e-01   0.0000000e+00   0.0000000e+00   0.0000000e+00   0.0000000e+00   0.0000000e+00   0.0000000e+00   0.0000000e+00  -3.5909331e-01  -1.8538958e-02   0.0000000e+00   9.5400059e-02   6.5673251e-02
  -1.9213181e-02   0.0000000e+00   0.0000000e+00   0.0000000e+00  -8.4486749e-01   0.0000000e+00   0.0000000e+00   0.0000000e+00   0.0000000e+00   0.0000000e+00  -2.2586065e-01   0.0000000e+00   3.6037791e-01  -1.5825771e-01   0.0000000e+00  -2.8266411e-01   0.0000000e+00   0.0000000e+00   0.0000000e+00   0.0000000e+00
   0.0000000e+00  -1.5085386e-01  -9.0758987e-02   3.3305832e-01   0.0000000e+00   0.0000000e+00  -3.5672570e-02   0.0000000e+00   0.0000000e+00   0.0000000e+00   0.0000000e+00  -6.6504874e-01   0.0000000e+00   0.0000000e+00   4.2882898e-01   0.0000000e+00   0.0000000e+00  -9.9288056e-02   0.0000000e+00   4.6985455e-01
   0.0000000e+00  -2.7204043e-01  -8.0981549e-01  -3.0031179e-02   0.0000000e+00   0.0000000e+00  -2.3230895e-01   0.0000000e+00   0.0000000e+00   0.0000000e+00   0.0000000e+00   1.9146921e-01   0.0000000e+00   0.0000000e+00   2.4312495e-01   0.0000000e+00   0.0000000e+00  -2.4599054e-01   0.0000000e+00  -2.4298561e-01
   0.0000000e+00  -2.0159155e-02   1.9465537e-02   4.9367415e-01   0.0000000e+00   0.0000000e+00   2.3462753e-01   0.0000000e+00   0.0000000e+00   0.0000000e+00   0.0000000e+00  -2.2366792e-01   0.0000000e+00   0.0000000e+00   1.4687717e-01   0.0000000e+00   0.0000000e+00   3.5022053e-01   0.0000000e+00  -7.1147438e-01
   4.7796605e-01   0.0000000e+00   0.0000000e+00   0.0000000e+00   1.8370818e-01   0.0000000e+00   0.0000000e+00   0.0000000e+00   0.0000000e+00   0.0000000e+00  -5.0599985e-01   0.0000000e+00  -3.3471888e-02  -6.7504038e-01   0.0000000e+00   1.5800008e-01   0.0000000e+00   0.0000000e+00   0.0000000e+00   0.0000000e+00
   0.0000000e+00   0.0000000e+00   0.0000000e+00   0.0000000e+00   0.0000000e+00   1.1371812e-01   0.0000000e+00   4.8069056e-01   2.4373150e-02   6.9513086e-01   0.0000000e+00   0.0000000e+00   0.0000000e+00   0.0000000e+00   0.0000000e+00   0.0000000e+00  -1.7223640e-01   0.0000000e+00  -7.9810870e-01   0.0000000e+00
   0.0000000e+00   7.5911275e-01  -1.1930793e-01   4.5513633e-01   0.0000000e+00   0.0000000e+00  -1.9819413e-01   0.0000000e+00   0.0000000e+00   0.0000000e+00   0.0000000e+00   3.1898057e-01   0.0000000e+00   0.0000000e+00   1.9343086e-01   0.0000000e+00   0.0000000e+00  -2.6223934e-02   0.0000000e+00   1.5241936e-01
   0.0000000e+00   0.0000000e+00   0.0000000e+00   0.0000000e+00   0.0000000e+00   2.0983561e-01   0.0000000e+00   5.1638376e-01   9.6521659e-01   7.9960498e-02   0.0000000e+00   0.0000000e+00   0.0000000e+00   0.0000000e+00   0.0000000e+00   0.0000000e+00   2.5510994e-01   0.0000000e+00   9.8398351e-01   0.0000000e+00
   0.0000000e+00   0.0000000e+00   0.0000000e+00   0.0000000e+00   0.0000000e+00   7.3786714e-02   0.0000000e+00   7.7177124e-02   5.2214075e-01  -6.0277326e-01   0.0000000e+00   0.0000000e+00   0.0000000e+00   0.0000000e+00   0.0000000e+00   0.0000000e+00  -1.2848218e+00   0.0000000e+00   8.7541713e-02   0.0000000e+00
   0.0000000e+00   0.0000000e+00   0.0000000e+00   0.0000000e+00   0.0000000e+00  -2.8272006e-01   0.0000000e+00  -1.6341275e-01  -6.7666053e-01   9.8366810e-01   0.0000000e+00   0.0000000e+00   0.0000000e+00   0.0000000e+00   0.0000000e+00   0.0000000e+00  -2.8366052e-01   0.0000000e+00   4.5034784e-01   0.0000000e+00
  -5.3866853e-01   0.0000000e+00   0.0000000e+00   0.0000000e+00   1.4158478e-01   0.0000000e+00   0.0000000e+00   0.0000000e+00   0.0000000e+00   0.0000000e+00  -7.0424005e-01   0.0000000e+00   2.0629147e-01   2.4541054e-01   0.0000000e+00   3.0175058e-01   0.0000000e+00   0.0000000e+00   0.0000000e+00   0.0000000e+00
   0.0000000e+00  -3.4241531e-01   4.4106010e-01   4.1762665e-01   0.0000000e+00   0.0000000e+00  -4.8517845e-01   0.0000000e+00   0.0000000e+00   0.0000000e+00   0.0000000e+00   1.6475510e-01   0.0000000e+00   0.0000000e+00  -8.1957614e-02   0.0000000e+00   0.0000000e+00  -4.7145959e-01   0.0000000e+00  -1.4923858e-01
   4.1563737e-01   0.0000000e+00   0.0000000e+00   0.0000000e+00  -1.2358277e-01   0.0000000e+00   0.0000000e+00   0.0000000e+00   0.0000000e+00   0.0000000e+00   1.8459402e-01   0.0000000e+00   4.9623790e-01   2.5736517e-01   0.0000000e+00   6.8220894e-01   0.0000000e+00   0.0000000e+00   0.0000000e+00   0.0000000e+00
   2.4832319e-01   0.0000000e+00   0.0000000e+00   0.0000000e+00   4.3403873e-01   0.0000000e+00   0.0000000e+00   0.0000000e+00   0.0000000e+00   0.0000000e+00  -9.6299123e-02   0.0000000e+00   6.1310172e-01   2.0255312e-01   0.0000000e+00  -5.6899118e-01   0.0000000e+00   0.0000000e+00   0.0000000e+00   0.0000000e+00
   0.0000000e+00   2.0252918e-01  -2.5859442e-01   2.0238239e-01   0.0000000e+00   0.0000000e+00   3.0567258e-01   0.0000000e+00   0.0000000e+00   0.0000000e+00   0.0000000e+00  -3.0344592e-01   0.0000000e+00   0.0000000e+00  -6.4126461e-01   0.0000000e+00   0.0000000e+00  -5.0135048e-01   0.0000000e+00  -5.5357688e-02
   4.9658504e-01   0.0000000e+00   0.0000000e+00   0.0000000e+00  -1.6953363e-01   0.0000000e+00   0.0000000e+00   0.0000000e+00   0.0000000e+00   0.0000000e+00  -3.9198035e-01   0.0000000e+00  -4.5200160e-01   5.9311386e-01   0.0000000e+00  -1.2216203e-01   0.0000000e+00   0.0000000e+00   0.0000000e+00   0.0000000e+00
   0.0000000e+00   0.0000000e+00   0.0000000e+00   0.0000000e+00   0.0000000e+00   7.3026290e-01   0.0000000e+00  -1.1860063e+00   3.3624837e-01   1.0769469e-01   0.0000000e+00   0.0000000e+00   0.0000000e+00   0.0000000e+00   0.0000000e+00   0.0000000e+00  -7.3516016e-01   0.0000000e+00  -4.3594895e-01   0.0000000e+00
   0.0000000e+00  -3.3802058e-01  -1.0334755e-02   3.4803256e-01   0.0000000e+00   0.0000000e+00   6.4369002e-01   0.0000000e+00   0.0000000e+00   0.0000000e+00   0.0000000e+00   4.9873192e-01   0.0000000e+00   0.0000000e+00   9.5429352e-02   0.0000000e+00   0.0000000e+00  -5.5185748e-02   0.0000000e+00   2.9880766e-01
   0.0000000e+00   0.0000000e+00   0.0000000e+00   0.0000000e+00   0.0000000e+00  -8.8762442e-01   0.0000000e+00  -6.1445800e-01   9.7082236e-01  -2.9972546e-01   0.0000000e+00   0.0000000e+00   0.0000000e+00   0.0000000e+00   0.0000000e+00   0.0000000e+00   1.8343458e-01   0.0000000e+00  -2.6330891e-01   0.0000000e+00
   0.0000000e+00  -2.3249587e-01  -2.4461499e-01   3.1750548e-01   0.0000000e+00   0.0000000e+00  -3.2750316e-01   0.0000000e+00   0.0000000e+00   0.0000000e+00   0.0000000e+00   3.6284517e-02   0.0000000e+00   0.0000000e+00  -5.2054150e-01   0.0000000e+00   0.0000000e+00   5.7412238e-01   0.0000000e+00   2.7594310e-01
   1.3261909e-01   1.1411403e+00   0.0000000e+00   0.0000000e+00   0.0000000e+00   5.5783902e-01   0.0000000e+00   0.0000000e+00   0.0000000e+00   0.0000000e+00   0.0000000e+00   0.0000000e+00   0.0000000e+00   0.0000000e+00   0.0000000e+00   0.0000000e+00  -3.4858269e-01   0.0000000e+00   1.1998948e+00  -5.4694954e-01
   8.4595954e-02  -1.1170378e-01   0.0000000e+00   0.0000000e+00   0.0000000e+00  -3.7277969e-01   0.0000000e+00   0.0000000e+00   0.0000000e+00   0.0000000e+00   0.0000000e+00   0.0000000e+00   0.0000000e+00   0.0000000e+00   0.0000000e+00   0.0000000e+00   8.8978585e-01   0.0000000e+00   5.5866116e-01   9.0086271e-01
   0.0000000e+00   0.0000000e+00   2.4220504e-01   0.0000000e+00   4.3795704e-01   0.0000000e+00  -3.4690539e-01   0.0000000e+00  -1.8094285e-01   0.0000000e+00   4.9306435e-01   0.0000000e+00   1.8629278e-01   0.0000000e+00   0.0000000e+00   4.1183262e-01   0.0000000e+00   3.8603515e-01   0.0000000e+00   0.0000000e+00
   0.0000000e+00   0.0000000e+00   0.0000000e+00  -4.7935151e-01   0.0000000e+00   0.0000000e+00   0.0000000e+00   1.5661334e-01   0.0000000e+00  -1.0200704e-01   0.0000000e+00   5.5164222e-01   0.0000000e+00  -6.4855842e-01  -1.0174377e-01   0.0000000e+00   0.0000000e+00   0.0000000e+00   0.0000000e+00   0.0000000e+00
   0.0000000e+00   0.0000000e+00  -2.3394218e-01   0.0000000e+00  -5.1011672e-01   0.0000000e+00  -1.3420242e-01   0.0000000e+00  -5.6334050e-01   0.0000000e+00  -1.6037164e-01   0.0000000e+00   3.2332488e-01   0.0000000e+00   0.0000000e+00  -6.9041901e-02   0.0000000e+00   4.6331885e-01   0.0000000e+00   0.0000000e+00
  -1.1687380e+00  -5.1500085e-01   0.0000000e+00   0.0000000e+00   0.0000000e+00   9.8973971e-01   0.0000000e+00   0.0000000e+00   0.0000000e+00   0.0000000e+00   0.0000000e+00   0.0000000e+00   0.0000000e+00   0.0000000e+00   0.0000000e+00   0.0000000e+00  -3.0040136e-02   0.0000000e+00   3.6903939e-01   2.8881483e-01
   0.0000000e+00   0.0000000e+00  -3.5974575e-01   0.0000000e+00  -1.2377631e-01   0.0000000e+00  -1.7411370e-01   0.0000000e+00   2.7981765e-01   0.0000000e+00  -3.4494304e-01   0.0000000e+00   9.4025424e-02   0.0000000e+00   0.0000000e+00   7.8067276e-01   0.0000000e+00  -9.6811606e-02   0.0000000e+00   0.0000000e+00
   0.0000000e+00   0.0000000e+00   0.0000000e+00  -3.0908836e-01   0.0000000e+00   0.0000000e+00   0.0000000e+00  -4.9982238e-02   0.0000000e+00   2.1999701e-01   0.0000000e+00  -2.7476836e-02   0.0000000e+00   1.3549110e-02   9.2337908e-01   0.0000000e+00   0.0000000e+00   0.0000000e+00   0.0000000e+00   0.0000000e+00
   0.0000000e+00   0.0000000e+00  -2.1481646e-01   0.0000000e+00   3.0464012e-01   0.0000000e+00   3.3316639e-01   0.0000000e+00  -6.5366365e-01   0.0000000e+00  -9.8841467e-02   0.0000000e+00  -4.7966723e-01   0.0000000e+00   0.0000000e+00   2.5554880e-01   0.0000000e+00  -1.3272830e-01   0.0000000e+00   0.0000000e+00
   0.0000000e+00   0.0000000e+00   0.0000000e+00  -2.9109221e-01   0.0000000e+00   0.0000000e+00   0.0000000e+00  -4.4868679e-02   0.0000000e+00   8.6606981e-01   0.0000000e+00   1.3232984e-01   0.0000000e+00   2.2859565e-01  -3.0562732e-01   0.0000000e+00   0.0000000e+00   0.0000000e+00   0.0000000e+00   0.0000000e+00
   0.0000000e+00   0.0000000e+00  -5.4239568e-01   0.0000000e+00  -2.1946814e-01   0.0000000e+00  -3.4121644e-01   0.0000000e+00   1.3195200e-01   0.0000000e+00   5.1276102e-01   0.0000000e+00  -4.9482414e-01   0.0000000e+00   0.0000000e+00  -1.1556780e-01   0.0000000e+00   5.1671753e-02   0.0000000e+00   0.0000000e+00
   0.0000000e+00   0.0000000e+00   0.0000000e+00   4.6351174e-01   0.0000000e+00   0.0000000e+00   0.0000000e+00  -6.0268220e-01   0.0000000e+00   6.6504004e-02   0.0000000e+00   6.3355929e-01   0.0000000e+00   2.0659772e-02   1.2523597e-01   0.0000000e+00   0.0000000e+00   0.0000000e+00   0.0000000e+00   0.0000000e+00
   0.0000000e+00   0.0000000e+00  -3.0000259e-01   0.0000000e+00   5.6289654e-01   0.0000000e+00  -4.5301717e-01   0.0000000e+00   3.3368322e-02   0.0000000e+00  -4.8461830e-01   0.0000000e+00  -1.9894933e-03   0.0000000e+00   0.0000000e+00  -3.5626946e-01   0.0000000e+00   1.5818072e-01   0.0000000e+00   0.0000000e+00
   0.0000000e+00   0.0000000e+00   0.0000000e+00   5.6091812e-01   0.0000000e+00   0.0000000e+00   0.0000000e+00   2.5859556e-01   0.0000000e+00   4.3201146e-01   0.0000000e+00  -2.0977022e-01   0.0000000e+00  -6.1444160e-01   1.0160349e-01   0.0000000e+00   0.0000000e+00   0.0000000e+00   0.0000000e+00   0.0000000e+00
   0.0000000e+00   0.0000000e+00   0.0000000e+00   2.4592595e-01   0.0000000e+00   0.0000000e+00   0.0000000e+00   7.3543412e-01   0.0000000e+00  -7.8925514e-03   0.0000000e+00   4.8168847e-01   0.0000000e+00   3.8596258e-01   1.3267969e-01   0.0000000e+00   0.0000000e+00   0.0000000e+00   0.0000000e+00   0.0000000e+00
   0.0000000e+00   0.0000000e+00  -5.5264077e-01   0.0000000e+00   2.7188428e-01   0.0000000e+00   5.5107768e-01   0.0000000e+00   1.6646678e-01   0.0000000e+00   2.5354998e-01   0.0000000e+00   4.4454821e-01   0.0000000e+00   0.0000000e+00  -7.1320619e-02   0.0000000e+00   1.4923802e-01   0.0000000e+00   0.0000000e+00
   2.9594416e-01  -1.2838174e+00   0.0000000e+00   0.0000000e+00   0.0000000e+00  -3.5889636e-01   0.0000000e+00   0.0000000e+00   0.0000000e+00   0.0000000e+00   0.0000000e+00   0.0000000e+00   0.0000000e+00   0.0000000e+00   0.0000000e+00   0.0000000e+00   1.2760688e-02   0.0000000e+00   7.4522438e-01  -2.5353904e-01
   0.0000000e+00   0.0000000e+00   1.4641796e-01   0.0000000e+00  -3.0141954e-02   0.0000000e+00   3.0820628e-01   0.0000000e+00   3.1320459e-01   0.0000000e+00  -2.0086514e-01   0.0000000e+00  -4.2350513e-01   0.0000000e+00   0.0000000e+00   7.4172086e-02   0.0000000e+00   7.4790382e-01   0.0000000e+00   0.0000000e+00
   5.4106868e-01   1.0772172e-01   0.0000000e+00   0.0000000e+00   0.0000000e+00   5.2033363e-01   0.0000000e+00   0.0000000e+00   0.0000000e+00   0.0000000e+00   0.0000000e+00   0.0000000e+00   0.0000000e+00   0.0000000e+00   0.0000000e+00   0.0000000e+00  -3.0553905e-01   0.0000000e+00  -2.1861485e-01   8.1879973e-01
   5.2211820e-01   1.7518785e-01   0.0000000e+00   0.0000000e+00   0.0000000e+00   6.9051131e-01   0.0000000e+00   0.0000000e+00   0.0000000e+00   0.0000000e+00   0.0000000e+00   0.0000000e+00   0.0000000e+00   0.0000000e+00   0.0000000e+00   0.0000000e+00   8.4096864e-01   0.0000000e+00  -2.6769749e-01  -6.1221042e-02
   1.1903850e-01   1.5295494e-02   0.0000000e+00   0.0000000e+00  -2.7584802e-01   2.9632784e-01   2.7011366e-01  -1.6309663e-01   0.0000000e+00  -3.6451490e-01   0.0000000e+00   7.6763308e-01   0.0000000e+00   0.0000000e+00   0.0000000e+00   0.0000000e+00   0.0000000e+00   0.0000000e+00   0.0000000e+00   0.0000000e+00
   6.7490144e-01   2.9291826e-01   0.0000000e+00   0.0000000e+00  -3.2296100e-03  -3.1679208e-01   3.2683051e-01  -4.6614440e-01   0.0000000e+00   9.8359224e-02   0.0000000e+00  -1.5670340e-01   0.0000000e+00   0.0000000e+00   0.0000000e+00   0.0000000e+00   0.0000000e+00   0.0000000e+00   0.0000000e+00   0.0000000e+00
   0.0000000e+00   0.0000000e+00  -5.0717103e-01   3.0017642e-01   0.0000000e+00   0.0000000e+00   0.0000000e+00   0.0000000e+00   0.0000000e+00   0.0000000e+00   0.0000000e+00   0.0000000e+00   0.0000000e+00   0.0000000e+00  -5.1669658e-01  -1.0288571e+00   0.0000000e+00   1.0965089e-01  -3.8499435e-01   0.0000000e+00
   0.0000000e+00   0.0000000e+00  -5.0274652e-01  -5.3581554e-01   0.0000000e+00   0.0000000e+00   0.0000000e+00   0.0000000e+00   0.0000000e+00   0.0000000e+00   0.0000000e+00   0.0000000e+00   0.0000000e+00   0.0000000e+00   1.6812454e-01  -1.0235073e+00   0.0000000e+00   5.2443021e-02   1.1651574e+00   0.0000000e+00
  -5.3354233e-01   9.3306281e-02   0.0000000e+00   0.0000000e+00  -4.0449839e-01  -1.2322146e-01   6.4175947e-01  -7.4319271e-02   0.0000000e+00   3.1376559e-01   0.0000000e+00  -1.0952916e-01   0.0000000e+00   0.0000000e+00   0.0000000e+00   0.0000000e+00   0.0000000e+00   0.0000000e+00   0.0000000e+00   0.0000000e+00
  -1.3597387e-01  -1.5761807e-01   0.0000000e+00   0.0000000e+00  -4.8872559e-02  -8.3445487e-01  -2.4301529e-01  -3.2346207e-02   0.0000000e+00   6.7795485e-02   0.0000000e+00   4.3961946e-01   0.0000000e+00   0.0000000e+00   0.0000000e+00   0.0000000e+00   0.0000000e+00   0.0000000e+00   0.0000000e+00   0.0000000e+00
   2.5388568e-01  -7.4285604e-01   0.0000000e+00   0.0000000e+00   2.6931097e-01   7.3979249e-02   3.5376746e-01   1.3391874e-01   0.0000000e+00   3.8205776e-01   0.0000000e+00   1.2904210e-01   0.0000000e+00   0.0000000e+00   0.0000000e+00   0.0000000e+00   0.0000000e+00   0.0000000e+00   0.0000000e+00   0.0000000e+00
  -1.1461124e-01  -5.5610625e-01   0.0000000e+00   0.0000000e+00  -2.8887577e-01   7.3247564e-03  -1.4376549e-01  -5.8641969e-01   0.0000000e+00  -3.5588066e-01   0.0000000e+00  -3.2077972e-01   0.0000000e+00   0.0000000e+00   0.0000000e+00   0.0000000e+00   0.0000000e+00   0.0000000e+00   0.0000000e+00   0.0000000e+00
   0.0000000e+00   0.0000000e+00   0.0000000e+00   0.0000000e+00   0.0000000e+00   0.0000000e+00   0.0000000e+00   0.0000000e+00   7.0312550e-01   0.0000000e+00   4.7014105e-01   0.0000000e+00  -5.1775792e-01  -6.9576733e-02   0.0000000e+00   0.0000000e+00   7.7229400e-02   0.0000000e+00   0.0000000e+00   7.5520524e-02
  -3.4168246e-01   1.3887267e-01   0.0000000e+00   0.0000000e+00   5.6184569e-01   1.8503194e-01  -8.9179332e-02  -6.1233812e-01   0.0000000e+00   2.8846394e-01   0.0000000e+00   2.1894683e-01   0.0000000e+00   0.0000000e+00   0.0000000e+00   0.0000000e+00   0.0000000e+00   0.0000000e+00   0.0000000e+00   0.0000000e+00
   0.0000000e+00   0.0000000e+00   0.0000000e+00   0.0000000e+00   0.0000000e+00   0.0000000e+00   0.0000000e+00   0.0000000e+00   2.6918049e-01   0.0000000e+00  -4.3807717e-01   0.0000000e+00  -7.0595625e-02   7.0785591e-01   0.0000000e+00   0.0000000e+00  -8.1223613e-02   0.0000000e+00   0.0000000e+00   4.7221738e-01
  -1.8122084e-01  -6.3681537e-03   0.0000000e+00   0.0000000e+00   5.3501568e-01  -2.4611123e-01   4.4219441e-01   1.1295575e-01   0.0000000e+00  -6.3133086e-01   0.0000000e+00  -1.1589817e-01   0.0000000e+00   0.0000000e+00   0.0000000e+00   0.0000000e+00   0.0000000e+00   0.0000000e+00   0.0000000e+00   0.0000000e+00
   0.0000000e+00   0.0000000e+00   0.0000000e+00   0.0000000e+00   0.0000000e+00   0.0000000e+00   0.0000000e+00   0.0000000e+00   4.5440770e-01   0.0000000e+00   1.7803101e-01   0.0000000e+00   8.3270964e-01  -1.2801195e-01   0.0000000e+00   0.0000000e+00   2.4672380e-02   0.0000000e+00   0.0000000e+00   2.2675423e-01
   0.0000000e+00   0.0000000e+00   0.0000000e+00   0.0000000e+00   0.0000000e+00   0.0000000e+00   0.0000000e+00   0.0000000e+00   3.7439906e-01   0.0000000e+00  -3.8508453e-01   0.0000000e+00   8.9012983e-02   1.5793955e-01   0.0000000e+00   0.0000000e+00   3.8619415e-01   0.0000000e+00   0.0000000e+00  -7.2768201e-01
   0.0000000e+00   0.0000000e+00   8.5596005e-01  -8.1763269e-01   0.0000000e+00   0.0000000e+00   0.0000000e+00   0.0000000e+00   0.0000000e+00   0.0000000e+00   0.0000000e+00   0.0000000e+00   0.0000000e+00   0.0000000e+00  -7.6157164e-01  -5.0006182e-01   0.0000000e+00   8.6690050e-01  -4.4913890e-01   0.0000000e+00
   0.0000000e+00   0.0000000e+00   4.8648122e-02   2.9239390e-01   0.0000000e+00   0.0000000e+00   0.0000000e+00   0.0000000e+00   0.0000000e+00   0.0000000e+00   0.0000000e+00   0.0000000e+00   0.0000000e+00   0.0000000e+00  -1.1221486e+00   6.1233629e-01   0.0000000e+00   8.3552079e-01   4.7459572e-01   0.0000000e+00
   0.0000000e+00   0.0000000e+00   0.0000000e+00   0.0000000e+00   0.0000000e+00   0.0000000e+00   0.0000000e+00   0.0000000e+00   1.0135871e-02   0.0000000e+00  -4.0343834e-01   0.0000000e+00  -1.3022882e-01  -4.8304445e-01   0.0000000e+00   0.0000000e+00   6.3178188e-01   0.0000000e+00   0.0000000e+00   4.3323774e-01
   0.0000000e+00   0.0000000e+00  -1.2119433e+00  -8.8589138e-01   0.0000000e+00   0.0000000e+00   0.0000000e+00   0.0000000e+00   0.0000000e+00   0.0000000e+00   0.0000000e+00   0.0000000e+00   0.0000000e+00   0.0000000e+00  -1.9492860e-01   5.8703463e-01   0.0000000e+00   1.2027639e-01  -3.1796401e-01   0.0000000e+00
   0.0000000e+00   0.0000000e+00   2.3943198e-04  -6.0967062e-01   0.0000000e+00   0.0000000e+00   0.0000000e+00   0.0000000e+00   0.0000000e+00   0.0000000e+00   0.0000000e+00   0.0000000e+00   0.0000000e+00   0.0000000e+00  -4.8502857e-01   3.0237319e-01   0.0000000e+00  -9.5768602e-01   2.2281823e-01   0.0000000e+00
   0.0000000e+00   0.0000000e+00   0.0000000e+00   0.0000000e+00   0.0000000e+00   0.0000000e+00   0.0000000e+00   0.0000000e+00   2.9392626e-01   0.0000000e+00  -4.9427539e-01   0.0000000e+00  -9.3031149e-02  -4.6843909e-01   0.0000000e+00   0.0000000e+00  -6.6222002e-01   0.0000000e+00   0.0000000e+00  -5.1709426e-02
   9.4304526e-01   0.0000000e+00   0.0000000e+00   0.0000000e+00   0.0000000e+00   0.0000000e+00   0.0000000e+00   0.0000000e+00   0.0000000e+00   0.0000000e+00   4.9356135e-02   0.0000000e+00  -2.4983450e-01   0.0000000e+00  -2.0746037e-01   3.7656354e-02   4.4782153e-03   3.0815796e-02   0.0000000e+00   1.9617647e-02
   0.0000000e+00   4.6252812e-02  -7.3025800e-01   4.6992926e-01  -2.2391373e-01   0.0000000e+00   2.4683872e-01   0.0000000e+00   0.0000000e+00  -3.6425775e-01   0.0000000e+00   0.0000000e+00   0.0000000e+00   0.0000000e+00   0.0000000e+00   0.0000000e+00   0.0000000e+00   0.0000000e+00   0.0000000e+00   0.0000000e+00
   0.0000000e+00  -5.9755194e-01  -1.9610140e-01  -1.3989303e-01  -1.6580538e-01   0.0000000e+00   4.8516088e-01   0.0000000e+00   0.0000000e+00   5.6747983e-01   0.0000000e+00   0.0000000e+00   0.0000000e+00   0.0000000e+00   0.0000000e+00   0.0000000e+00   0.0000000e+00   0.0000000e+00   0.0000000e+00   0.0000000e+00
   0.0000000e+00   4.9248831e-01  -1.6560950e-01  -4.7298540e-01   3.8723965e-01   0.0000000e+00   5.9480784e-01   0.0000000e+00   0.0000000e+00  -5.0622687e-02   0.0000000e+00   0.0000000e+00   0.0000000e+00   0.0000000e+00   0.0000000e+00   0.0000000e+00   0.0000000e+00   0.0000000e+00   0.0000000e+00   0.0000000e+00
   0.0000000e+00  -5.3247740e-01  -4.5456021e-02   1.1691694e-01   7.7712232e-01   0.0000000e+00  -1.1201172e-02   0.0000000e+00   0.0000000e+00  -3.1094603e-01   0.0000000e+00   0.0000000e+00   0.0000000e+00   0.0000000e+00   0.0000000e+00   0.0000000e+00   0.0000000e+00   0.0000000e+00   0.0000000e+00   0.0000000e+00
   0.0000000e+00   0.0000000e+00   0.0000000e+00   0.0000000e+00   0.0000000e+00  -5.2024218e-01   0.0000000e+00   8.8987106e-01  -7.5362802e-01   0.0000000e+00   0.0000000e+00   1.7553907e-01   0.0000000e+00   5.4358965e-01   0.0000000e+00   0.0000000e+00   0.0000000e+00   0.0000000e+00  -1.7454396e-01   0.0000000e+00
   0.0000000e+00   6.8020502e-02   5.9857045e-01   5.5931873e-01  -2.3579592e-02   0.0000000e+00   5.6424620e-01   0.0000000e+00   0.0000000e+00  -7.2934275e-02   0.0000000e+00   0.0000000e+00   0.0000000e+00   0.0000000e+00   0.0000000e+00   0.0000000e+00   0.0000000e+00   0.0000000e+00   0.0000000e+00   0.0000000e+00
   0.0000000e+00   0.0000000e+00   0.0000000e+00   0.0000000e+00   0.0000000e+00   1.2812864e+00   0.0000000e+00   4.9316965e-01   6.2824526e-01   0.0000000e+00   0.0000000e+00  -2.6052822e-01   0.0000000e+00   4.8448237e-01   0.0000000e+00   0.0000000e+00   0.0000000e+00   0.0000000e+00  -2.7863167e-01   0.0000000e+00
   0.0000000e+00   0.0000000e+00   0.0000000e+00   0.0000000e+00   0.0000000e+00   3.4607801e-02   0.0000000e+00   4.9990501e-01   6.0469506e-01   0.0000000e+00   0.0000000e+00   1.1821892e-01   0.0000000e+00  -8.5022323e-01   0.0000000e+00   0.0000000e+00   0.0000000e+00   0.0000000e+00  -7.0115005e-01   0.0000000e+00
   0.0000000e+00  -3.3179610e-01   2.0121668e-01  -4.5757429e-01  -4.0980676e-01   0.0000000e+00   1.7718337e-01   0.0000000e+00   0.0000000e+00  -6.6386252e-01   0.0000000e+00   0.0000000e+00   0.0000000e+00   0.0000000e+00   0.0000000e+00   0.0000000e+00   0.0000000e+00   0.0000000e+00   0.0000000e+00   0.0000000e+00
  -1.0729108e-01   0.0000000e+00   0.0000000e+00   0.0000000e+00   0.0000000e+00   0.0000000e+00   0.0000000e+00   0.0000000e+00   0.0000000e+00   0.0000000e+00   6.1157971e-02   0.0000000e+00  -2.6028826e-01   0.0000000e+00  -2.9147769e-02   7.8112095e-01  -3.8081038e-01   2.0088694e-01   0.0000000e+00  -3.4731355e-01
   0.0000000e+00   0.0000000e+00   0.0000000e+00   0.0000000e+00   0.0000000e+00  -9.7206160e-01   0.0000000e+00  -8.1444113e-02  -2.6521042e-01   0.0000000e+00   0.0000000e+00  -1.0796385e+00   0.0000000e+00  -3.1800550e-01   0.0000000e+00   0.0000000e+00   0.0000000e+00   0.0000000e+00  -4.2055599e-01   0.0000000e+00
  -1.0644908e-01   0.0000000e+00   0.0000000e+00   0.0000000e+00   0.0000000e+00   0.0000000e+00   0.0000000e+00   0.0000000e+00   0.0000000e+00   0.0000000e+00  -2.7670825e-01   0.0000000e+00  -6.0416543e-01   0.0000000e+00   8.4065306e-02  -7.7495141e-02   4.7771123e-01  -3.1823109e-01   0.0000000e+00  -4.5225408e-01
   0.0000000e+00   0.0000000e+00   0.0000000e+00   0.0000000e+00   0.0000000e+00   5.0713206e-01   0.0000000e+00  -4.4998430e-01  -8.2832003e-01   0.0000000e+00   0.0000000e+00  -1.0825363e-01   0.0000000e+00  -4.6666642e-01   0.0000000e+00   0.0000000e+00   0.0000000e+00   0.0000000e+00  -1.6047741e-01   0.0000000e+00
   7.7959720e-02   0.0000000e+00   0.0000000e+00   0.0000000e+00   0.0000000e+00   0.0000000e+00   0.0000000e+00   0.0000000e+00   0.0000000e+00   0.0000000e+00  -4.7197671e-02   0.0000000e+00   4.7214501e-02   0.0000000e+00   3.6166682e-01   5.2247279e-01   2.3647747e-01  -5.0130586e-01   0.0000000e+00   5.2768891e-01
   5.0107255e-02   0.0000000e+00   0.0000000e+00   0.0000000e+00   0.0000000e+00   0.0000000e+00   0.0000000e+00   0.0000000e+00   0.0000000e+00   0.0000000e+00  -4.4413903e-01   0.0000000e+00  -3.4063337e-01   0.0000000e+00   5.0410932e-01  -2.5348729e-01  -5.6379271e-01   6.9621004e-02   0.0000000e+00   2.0762317e-01
   1.8138052e-01   0.0000000e+00   0.0000000e+00   0.0000000e+00   0.0000000e+00   0.0000000e+00   0.0000000e+00   0.0000000e+00   0.0000000e+00   0.0000000e+00   4.5387449e-01   0.0000000e+00   1.4742818e-01   0.0000000e+00   7.4573889e-01  -5.6386946e-02   1.6164158e-01   1.9882819e-01   0.0000000e+00  -3.3822679e-01
  -2.1500034e-01   0.0000000e+00   0.0000000e+00   0.0000000e+00   0.0000000e+00   0.0000000e+00   0.0000000e+00   0.0000000e+00   0.0000000e+00   0.0000000e+00   6.0397995e-01   0.0000000e+00  -6.0348618e-01   0.0000000e+00  -6.2420244e-02  -1.1185079e-01   4.0688536e-02   1.5887761e-01   0.0000000e+00   4.2600818e-01
   0.0000000e+00   0.0000000e+00   0.0000000e+00   0.0000000e+00   0.0000000e+00  -4.0495179e-01   0.0000000e+00  -6.3018808e-01   2.8276187e-01   0.0000000e+00   0.0000000e+00   4.9675236e-01   0.0000000e+00   4.5638456e-01   0.0000000e+00   0.0000000e+00   0.0000000e+00   0.0000000e+00  -8.9430949e-01   0.0000000e+00
  -1.0504900e-02   0.0000000e+00   0.0000000e+00   0.0000000e+00   0.0000000e+00   0.0000000e+00   0.0000000e+00   0.0000000e+00   0.0000000e+00   0.0000000e+00  -3.8337356e-01   0.0000000e+00  -2.5018720e-02   0.0000000e+00   6.3966861e-02   1.7176395e-01   4.7453978e-01   7.3245778e-01   0.0000000e+00   2.3877060e-01
  -4.8924138e-02   0.0000000e+00   0.0000000e+00   0.0000000e+00   0.0000000e+00  -2.9837853e-02   0.0000000e+00   0.0000000e+00   0.0000000e+00  -1.2062789e+00   0.0000000e+00   0.0000000e+00   0.0000000e+00   0.0000000e+00  -3.1237477e-01   0.0000000e+00   3.8847576e-01   0.0000000e+00   0.0000000e+00  -3.1384081e-01
   0.0000000e+00   5.3907279e-01  -8.3543334e-02   6.6795386e-02   0.0000000e+00   0.0000000e+00   0.0000000e+00  -3.2320055e-01   3.8992165e-01   0.0000000e+00   0.0000000e+00   4.2192803e-02   0.0000000e+00   0.0000000e+00   0.0000000e+00   0.0000000e+00   0.0000000e+00  -3.1810767e-01   5.8179824e-01   0.0000000e+00
   0.0000000e+00  -5.1282347e-01   3.9190100e-01  -5.9057051e-01   0.0000000e+00   0.0000000e+00   0.0000000e+00  -1.2846214e-01   2.3127838e-01   0.0000000e+00   0.0000000e+00   1.8275152e-01   0.0000000e+00   0.0000000e+00   0.0000000e+00   0.0000000e+00   0.0000000e+00   4.8414831e-03   3.6226839e-01   0.0000000e+00
   0.0000000e+00  -5.8097830e-02   7.6556644e-02   3.9864240e-02   0.0000000e+00   0.0000000e+00   0.0000000e+00   6.2672120e-01   4.2302856e-01   0.0000000e+00   0.0000000e+00   1.3964184e-01   0.0000000e+00   0.0000000e+00   0.0000000e+00   0.0000000e+00   0.0000000e+00  -5.9470437e-01  -2.1040155e-01   0.0000000e+00
   0.0000000e+00   0.0000000e+00   0.0000000e+00   0.0000000e+00   4.7004096e-01   0.0000000e+00  -6.1047570e-01   0.0000000e+00   0.0000000e+00   0.0000000e+00   2.5763023e-01   0.0000000e+00  -2.3328666e-01  -2.6401135e-01   0.0000000e+00   4.6463203e-01   0.0000000e+00   0.0000000e+00   0.0000000e+00   0.0000000e+00
  -1.0229048e+00   0.0000000e+00   0.0000000e+00   0.0000000e+00   0.0000000e+00   5.8889660e-01   0.0000000e+00   0.0000000e+00   0.0000000e+00   6.7341365e-01   0.0000000e+00   0.0000000e+00   0.0000000e+00   0.0000000e+00  -5.9522442e-01   0.0000000e+00   9.9695774e-02   0.0000000e+00   0.0000000e+00   7.0589418e-01
   0.0000000e+00   0.0000000e+00   0.0000000e+00   0.0000000e+00   2.3056952e-02   0.0000000e+00   1.4982145e-01   0.0000000e+00   0.0000000e+00   0.0000000e+00  -8.2382518e-01   0.0000000e+00  -8.6483805e-02  -1.0031334e-01   0.0000000e+00   5.2989789e-01   0.0000000e+00   0.0000000e+00   0.0000000e+00   0.0000000e+00
   0.0000000e+00   1.4415398e-01   2.1988485e-02  -3.9493827e-01   0.0000000e+00   0.0000000e+00   0.0000000e+00  -5.0085803e-01  -1.9258430e-01   0.0000000e+00   0.0000000e+00   1.2377002e-02   0.0000000e+00   0.0000000e+00   0.0000000e+00   0.0000000e+00   0.0000000e+00  -5.1652658e-01  -5.1755147e-01   0.0000000e+00
   0.0000000e+00   5.4082379e-01   7.4238791e-01  -5.3657428e-02   0.0000000e+00   0.0000000e+00   0.0000000e+00   1.4918652e-01  -6.5515125e-02   0.0000000e+00   0.0000000e+00   2.1214713e-01   0.0000000e+00   0.0000000e+00   0.0000000e+00   0.0000000e+00   0.0000000e+00   2.4931891e-01  -1.4062547e-01   0.0000000e+00
  -2.2723781e-01   0.0000000e+00   0.0000000e+00   0.0000000e+00   0.0000000e+00   3.5723389e-01   0.0000000e+00   0.0000000e+00   0.0000000e+00  -4.1731865e-01   0.0000000e+00   0.0000000e+00   0.0000000e+00   0.0000000e+00   9.9775044e-01   0.0000000e+00  -6.3235798e-01   0.0000000e+00   0.0000000e+00  -7.3779166e-01
   0.0000000e+00   0.0000000e+00   0.0000000e+00   0.0000000e+00   3.0591653e-01   0.0000000e+00   3.4523523e-01   0.0000000e+00   0.0000000e+00   0.0000000e+00   1.2253690e-01   0.0000000e+00   6.5691800e-01  -5.7853182e-01   0.0000000e+00   7.7279311e-02   0.0000000e+00   0.0000000e+00   0.0000000e+00   0.0000000e+00
   0.0000000e+00  -2.0088358e-01   3.6235262e-01   3.6894208e-01   0.0000000e+00   0.0000000e+00   0.0000000e+00  -3.3642279e-01   4.9814934e-01   0.0000000e+00   0.0000000e+00  -5.1222488e-01   0.0000000e+00   0.0000000e+00   0.0000000e+00   0.0000000e+00   0.0000000e+00   6.0630184e-02  -2.5464623e-01   0.0000000e+00
   0.0000000e+00   0.0000000e+00   0.0000000e+00   0.0000000e+00  -1.9498572e-01   0.0000000e+00  -5.8058984e-01   0.0000000e+00   0.0000000e+00   0.0000000e+00  -4.0175949e-01   0.0000000e+00   1.5486185e-01  -4.2660423e-01   0.0000000e+00  -5.0745636e-01   0.0000000e+00   0.0000000e+00   0.0000000e+00   0.0000000e+00
   0.0000000e+00   0.0000000e+00   0.0000000e+00   0.0000000e+00   7.6561769e-01   0.0000000e+00   1.9207559e-01   0.0000000e+00   0.0000000e+00   0.0000000e+00  -2.3601932e-01   0.0000000e+00  -2.8165495e-01   8.4945321e-02   0.0000000e+00  -4.8444420e-01   0.0000000e+00   0.0000000e+00   0.0000000e+00   0.0000000e+00
  -4.7996023e-01   0.0000000e+00   0.0000000e+00   0.0000000e+00   0.0000000e+00  -8.4421761e-01   0.0000000e+00   0.0000000e+00   0.0000000e+00   1.3103537e-01   0.0000000e+00   0.0000000e+00   0.0000000e+00   0.0000000e+00   6.7638513e-01   0.0000000e+00   2.7744097e-02   0.0000000e+00   0.0000000e+00   4.7629239e-01
   0.0000000e+00   0.0000000e+00   0.0000000e+00   0.0000000e+00   2.4648544e-01   0.0000000e+00  -3.3422746e-01   0.0000000e+00   0.0000000e+00   0.0000000e+00  -1.5102198e-01   0.0000000e+00   6.3501569e-01   6.2954690e-01   0.0000000e+00   7.1798846e-02   0.0000000e+00   0.0000000e+00   0.0000000e+00   0.0000000e+00
   1.1386654e-01   0.0000000e+00   0.0000000e+00   0.0000000e+00   0.0000000e+00  -8.1312044e-01   0.0000000e+00   0.0000000e+00   0.0000000e+00  -3.7524892e-01   0.0000000e+00   0.0000000e+00   0.0000000e+00   0.0000000e+00  -5.0448490e-01   0.0000000e+00  -8.9068363e-01   0.0000000e+00   0.0000000e+00   3.0525307e-01
   0.0000000e+00   2.6145724e-01  -3.7230356e-01  -4.9518760e-01   0.0000000e+00   0.0000000e+00   0.0000000e+00   9.5479549e-02   5.1027169e-01   0.0000000e+00   0.0000000e+00  -9.6797039e-02   0.0000000e+00   0.0000000e+00   0.0000000e+00   0.0000000e+00   0.0000000e+00   4.3441514e-01  -2.8326611e-01   0.0000000e+00
   0.0000000e+00   1.4509450e-01   1.0972935e-01  -3.2402362e-01   0.0000000e+00   0.0000000e+00   0.0000000e+00   3.0140902e-01  -2.5613931e-01   0.0000000e+00   0.0000000e+00  -7.9272833e-01   0.0000000e+00   0.0000000e+00   0.0000000e+00   0.0000000e+00   0.0000000e+00  -1.5413834e-01   2.3083364e-01   0.0000000e+00
  -3.5754068e-01   0.0000000e+00   0.0000000e+00   0.0000000e+00   0.0000000e+00  -8.5871109e-01   0.0000000e+00   0.0000000e+00   0.0000000e+00   4.5837037e-01   0.0000000e+00   0.0000000e+00   0.0000000e+00   0.0000000e+00  -2.4342368e-01   0.0000000e+00  -1.1541684e-01   0.0000000e+00   0.0000000e+00  -1.1313234e+00
   2.8732528e-01   0.0000000e+00   7.5549194e-01   0.0000000e+00   0.0000000e+00   0.0000000e+00   4.3026509e-01  -1.2830283e-01   0.0000000e+00   0.0000000e+00   0.0000000e+00   0.0000000e+00   0.0000000e+00   0.0000000e+00   0.0000000e+00   0.0000000e+00   0.0000000e+00   3.4766755e-01   0.0000000e+00   1.5560757e-01
   0.0000000e+00  -1.1599097e-03   0.0000000e+00   0.0000000e+00   5.7056916e-01   1.0682451e+00   0.0000000e+00   0.0000000e+00   0.0000000e+00   0.0000000e+00   0.0000000e+00   0.0000000e+00   0.0000000e+00  -9.5288100e-01  -1.0158317e-01   0.0000000e+00   9.4258887e-01   0.0000000e+00   0.0000000e+00   0.0000000e+00
   1.7785511e-01   0.0000000e+00   5.9507311e-02   0.0000000e+00   0.0000000e+00   0.0000000e+00  -4.7700059e-02   9.6194797e-01   0.0000000e+00   0.0000000e+00   0.0000000e+00   0.0000000e+00   0.0000000e+00   0.0000000e+00   0.0000000e+00   0.0000000e+00   0.0000000e+00   1.7451158e-01   0.0000000e+00  -8.2176355e-02
   0.0000000e+00   0.0000000e+00   0.0000000e+00  -4.0986178e-01   0.0000000e+00   0.0000000e+00   0.0000000e+00   0.0000000e+00  -1.8947617e-01  -5.3987341e-01  -4.4755492e-01  -3.0060861e-01  -3.5245931e-01   0.0000000e+00   0.0000000e+00   2.4876313e-01   0.0000000e+00   0.0000000e+00   1.6693473e-01   0.0000000e+00
   0.0000000e+00  -3.3063100e-01   0.0000000e+00   0.0000000e+00   3.4732122e-01  -5.2764311e-01   0.0000000e+00   0.0000000e+00   0.0000000e+00   0.0000000e+00   0.0000000e+00   0.0000000e+00   0.0000000e+00  -1.2519031e-01  -9.2421252e-01   0.0000000e+00  -1.4041574e-01   0.0000000e+00   0.0000000e+00   0.0000000e+00
   0.0000000e+00   1.5580251e+00   0.0000000e+00   0.0000000e+00  -4.1474497e-01  -2.2381656e-01   0.0000000e+00   0.0000000e+00   0.0000000e+00   0.0000000e+00   0.0000000e+00   0.0000000e+00   0.0000000e+00   2.0808196e-01   4.4231207e-02   0.0000000e+00   7.8643847e-01   0.0000000e+00   0.0000000e+00   0.0000000e+00
  -8.2620572e-02   0.0000000e+00  -5.0758383e-01   0.0000000e+00   0.0000000e+00   0.0000000e+00   2.8312102e-01  -8.8120365e-02   0.0000000e+00   0.0000000e+00   0.0000000e+00   0.0000000e+00   0.0000000e+00   0.0000000e+00   0.0000000e+00   0.0000000e+00   0.0000000e+00   8.0398558e-01   0.0000000e+00  -3.4885202e-02
   1.1306679e-01   0.0000000e+00  -3.0169368e-01   0.0000000e+00   0.0000000e+00   0.0000000e+00   8.1747537e-01   1.2838711e-01   0.0000000e+00   0.0000000e+00   0.0000000e+00   0.0000000e+00   0.0000000e+00   0.0000000e+00   0.0000000e+00   0.0000000e+00   0.0000000e+00  -4.4818802e-01   0.0000000e+00   1.0283523e-01
   0.0000000e+00   0.0000000e+00   0.0000000e+00   9.0356207e-03   0.0000000e+00   0.0000000e+00   0.0000000e+00   0.0000000e+00   6.6853505e-01  -1.4179772e-01   4.3513547e-01  -4.9458639e-01  -2.5372791e-02   0.0000000e+00   0.0000000e+00   2.9562861e-01   0.0000000e+00   0.0000000e+00   1.0427857e-01   0.0000000e+00
   0.0000000e+00   0.0000000e+00   0.0000000e+00   3.2493723e-01   0.0000000e+00   0.0000000e+00   0.0000000e+00   0.0000000e+00   5.1861607e-01  -8.1711875e-02  -5.8054144e-01   1.1681716e-01   8.1153818e-02   0.0000000e+00   0.0000000e+00  -3.0880693e-01   0.0000000e+00   0.0000000e+00   4.0761999e-01   0.0000000e+00
   0.0000000e+00   0.0000000e+00   0.0000000e+00  -6.9544983e-01   0.0000000e+00   0.0000000e+00   0.0000000e+00   0.0000000e+00   2.8473083e-01   3.5637104e-01  -2.5640627e-01   1.2000397e-01   4.3101381e-01   0.0000000e+00   0.0000000e+00   1.9073623e-01   0.0000000e+00   0.0000000e+00  -7.7325519e-02   0.0000000e+00
   0.0000000e+00   0.0000000e+00   0.0000000e+00  -4.2610072e-01   0.0000000e+00   0.0000000e+00   0.0000000e+00   0.0000000e+00  -8.6407600e-04   2.5522812e-01   2.7360090e-01  -7.5824051e-02  -3.7870871e-01   0.0000000e+00   0.0000000e+00  -5.7971530e-01   0.0000000e+00   0.0000000e+00   4.3954429e-01   0.0000000e+00
   0.0000000e+00   0.0000000e+00   0.0000000e+00  -1.3146972e-01   0.0000000e+00   0.0000000e+00   0.0000000e+00   0.0000000e+00  -1.4107801e-01  -5.1045900e-01   1.6590710e-01  -2.0180019e-01   6.5758630e-01   0.0000000e+00   0.0000000e+00  -4.4894377e-01   0.0000000e+00   0.0000000e+00   5.0568061e-03   0.0000000e+00
   0.0000000e+00   7.2710850e-01   0.0000000e+00   0.0000000e+00   2.0876989e-01   3.3938192e-01   0.0000000e+00   0.0000000e+00   0.0000000e+00   0.0000000e+00   0.0000000e+00   0.0000000e+00   0.0000000e+00   3.2070292e-01  -4.3371134e-01   0.0000000e+00  -7.5961909e-01   0.0000000e+00   0.0000000e+00   0.0000000e+00
   0.0000000e+00  -9.9396262e-02   0.0000000e+00   0.0000000e+00  -1.8576238e-01   3.3031781e-01   0.0000000e+00   0.0000000e+00   0.0000000e+00   0.0000000e+00   0.0000000e+00   0.0000000e+00   0.0000000e+00   8.8684510e-01  -5.4556712e-01   0.0000000e+00   2.0970424e-01   0.0000000e+00   0.0000000e+00   0.0000000e+00
   0.0000000e+00   0.0000000e+00   0.0000000e+00   5.6722764e-02   0.0000000e+00   0.0000000e+00   0.0000000e+00   0.0000000e+00  -2.4771200e-01  -7.4064020e-03   2.0672725e-01   2.5168329e-01   2.6233056e-01   0.0000000e+00   0.0000000e+00   4.2573565e-01   0.0000000e+00   0.0000000e+00   7.6106349e-01   0.0000000e+00
   0.0000000e+00  -2.3112834e-01   0.0000000e+00   0.0000000e+00  -1.0241847e+00  -2.3912298e-02   0.0000000e+00   0.0000000e+00   0.0000000e+00   0.0000000e+00   0.0000000e+00   0.0000000e+00   0.0000000e+00  -2.6901642e-01  -3.2848756e-01   0.0000000e+00  -5.8998215e-01   0.0000000e+00   0.0000000e+00   0.0000000e+00
  -6.9860218e-01   0.0000000e+00   2.6529340e-01   0.0000000e+00   0.0000000e+00   0.0000000e+00   2.5303767e-01   7.5321681e-02   0.0000000e+00   0.0000000e+00   0.0000000e+00   0.0000000e+00   0.0000000e+00   0.0000000e+00   0.0000000e+00   0.0000000e+00   0.0000000e+00  -1.1608172e-02   0.0000000e+00  -6.0970340e-01
   0.0000000e+00   0.0000000e+00   0.0000000e+00   2.0157737e-01   0.0000000e+00   0.0000000e+00   0.0000000e+00   0.0000000e+00  -2.9301947e-01   4.7852723e-01  -2.4992080e-01  -7.2605405e-01   1.9522413e-01   0.0000000e+00   0.0000000e+00   1.0363936e-02   0.0000000e+00   0.0000000e+00   1.2916302e-01   0.0000000e+00
  -6.1494429e-01   0.0000000e+00   8.1546243e-02   0.0000000e+00   0.0000000e+00   0.0000000e+00   1.2045598e-02   1.6814482e-01   0.0000000e+00   0.0000000e+00   0.0000000e+00   0.0000000e+00   0.0000000e+00   0.0000000e+00   0.0000000e+00   0.0000000e+00   0.0000000e+00   3.5678058e-02   0.0000000e+00   7.6518170e-01
   3.5814318e-01   2.3749810e-01   0.0000000e+00   0.0000000e+00   0.0000000e+00  -4.0572233e-01   0.0000000e+00  -2.1620357e-01   0.0000000e+00   0.0000000e+00  -7.5172749e-02   0.0000000e+00  -1.0872434e-01   0.0000000e+00   7.6485278e-01   0.0000000e+00  -3.8753239e-02   0.0000000e+00   0.0000000e+00   0.0000000e+00
  -3.5244541e-01   2.6099042e-01   0.0000000e+00   0.0000000e+00   0.0000000e+00  -2.2736791e-01   0.0000000e+00  -4.0549890e-01   0.0000000e+00   0.0000000e+00   7.4577572e-01   0.0000000e+00  -1.5073349e-01   0.0000000e+00  -1.0178859e-01   0.0000000e+00  -4.7726089e-02   0.0000000e+00   0.0000000e+00   0.0000000e+00
   0.0000000e+00   0.0000000e+00  -4.3893885e-01   0.0000000e+00  -2.4785854e-01   0.0000000e+00   0.0000000e+00   0.0000000e+00   0.0000000e+00   0.0000000e+00   0.0000000e+00   0.0000000e+00   0.0000000e+00   1.2616195e+00   0.0000000e+00   7.6471590e-02   0.0000000e+00   0.0000000e+00   4.3482471e-01  -3.3182300e-01
   0.0000000e+00   0.0000000e+00   0.0000000e+00   3.0197787e-01   0.0000000e+00   0.0000000e+00   1.2107130e-01   0.0000000e+00  -3.9876022e-01   5.8290697e-01   0.0000000e+00  -6.2698280e-01   0.0000000e+00   0.0000000e+00   0.0000000e+00   0.0000000e+00   0.0000000e+00   4.7470297e-02   0.0000000e+00   0.0000000e+00
   0.0000000e+00   0.0000000e+00  -7.3269432e-01   0.0000000e+00   4.6859220e-01   0.0000000e+00   0.0000000e+00   0.0000000e+00   0.0000000e+00   0.0000000e+00   0.0000000e+00   0.0000000e+00   0.0000000e+00  -6.6799446e-01   0.0000000e+00  -8.9706675e-01   0.0000000e+00   0.0000000e+00  -1.6937422e-01  -4.7210374e-01
  -1.6151163e-01   1.9000323e-01   0.0000000e+00   0.0000000e+00   0.0000000e+00  -8.0034604e-01   0.0000000e+00   2.0440210e-01   0.0000000e+00   0.0000000e+00  -3.1271659e-01   0.0000000e+00   2.2383169e-02   0.0000000e+00  -3.7055149e-01   0.0000000e+00   1.4098827e-01   0.0000000e+00   0.0000000e+00   0.0000000e+00
   0.0000000e+00   0.0000000e+00   0.0000000e+00  -2.0044238e-01   0.0000000e+00   0.0000000e+00   1.0588513e-01   0.0000000e+00   1.8321057e-01   7.3941525e-01   0.0000000e+00   5.1867665e-01   0.0000000e+00   0.0000000e+00   0.0000000e+00   0.0000000e+00   0.0000000e+00   3.1509474e-01   0.0000000e+00   0.0000000e+00
   7.7236676e-01   1.0158382e-01   0.0000000e+00   0.0000000e+00   0.0000000e+00  -6.1283109e-02   0.0000000e+00   1.6326727e-01   0.0000000e+00   0.0000000e+00   2.7660059e-01   0.0000000e+00  -2.6199684e-01   0.0000000e+00  -4.0163684e-01   0.0000000e+00  -2.3718372e-01   0.0000000e+00   0.0000000e+00   0.0000000e+00
   0.0000000e+00   0.0000000e+00   0.0000000e+00  -2.8926594e-02   0.0000000e+00   0.0000000e+00   3.5167570e-01   0.0000000e+00  -7.8748265e-01  -9.3346814e-02   0.0000000e+00   4.5254132e-01   0.0000000e+00   0.0000000e+00   0.0000000e+00   0.0000000e+00   0.0000000e+00  -2.0457579e-01   0.0000000e+00   0.0000000e+00
   0.0000000e+00   0.0000000e+00   0.0000000e+00  -8.4482468e-01   0.0000000e+00   0.0000000e+00  -3.8353506e-01   0.0000000e+00  -2.7056646e-01   8.3225552e-02   0.0000000e+00  -2.3591031e-01   0.0000000e+00   0.0000000e+00   0.0000000e+00   0.0000000e+00   0.0000000e+00  -5.8187096e-02   0.0000000e+00   0.0000000e+00
   2.7271237e-01  -1.8388410e-01   0.0000000e+00   0.0000000e+00   0.0000000e+00  -1.2122039e-01   0.0000000e+00  -5.7831980e-01   0.0000000e+00   0.0000000e+00  -4.6462720e-02   0.0000000e+00   7.0473415e-01   0.0000000e+00  -2.0494697e-01   0.0000000e+00  -4.3059882e-02   0.0000000e+00   0.0000000e+00   0.0000000e+00
   0.0000000e+00   0.0000000e+00   0.0000000e+00  -1.8767992e-01   0.0000000e+00   0.0000000e+00   4.0370606e-01   0.0000000e+00   3.2348197e-01   2.1141649e-01   0.0000000e+00  -8.2454258e-02   0.0000000e+00   0.0000000e+00   0.0000000e+00   0.0000000e+00   0.0000000e+00  -8.0353061e-01   0.0000000e+00   0.0000000e+00
  -2.2226906e-01   8.9351016e-02   0.0000000e+00   0.0000000e+00   0.0000000e+00  -2.1745136e-02   0.0000000e+00  -1.0297698e-02   0.0000000e+00   0.0000000e+00  -2.0457636e-01   0.0000000e+00   2.4900988e-02   0.0000000e+00  -2.7353227e-03   0.0000000e+00  -9.4844870e-01   0.0000000e+00   0.0000000e+00   0.0000000e+00
   0.0000000e+00   0.0000000e+00  -4.5163724e-01   0.0000000e+00   1.3294084e-01   0.0000000e+00   0.0000000e+00   0.0000000e+00   0.0000000e+00   0.0000000e+00   0.0000000e+00   0.0000000e+00   0.0000000e+00   4.4452822e-01   0.0000000e+00  -1.1499432e-01   0.0000000e+00   0.0000000e+00   3.0387304e-01   1.5651083e+00
  -3.2008291e-02  -8.8038701e-01   0.0000000e+00   0.0000000e+00   0.0000000e+00  -3.1330628e-01   0.0000000e+00  -7.3158805e-02   0.0000000e+00   0.0000000e+00   9.6657579e-02   0.0000000e+00  -3.1287629e-01   0.0000000e+00   6.1609912e-02   0.0000000e+00  -9.6701143e-02   0.0000000e+00   0.0000000e+00   0.0000000e+00
   0.0000000e+00   0.0000000e+00  -2.9386261e-01   0.0000000e+00   9.8332138e-01   0.0000000e+00   0.0000000e+00   0.0000000e+00   0.0000000e+00   0.0000000e+00   0.0000000e+00   0.0000000e+00   0.0000000e+00  -6.6095564e-01   0.0000000e+00   1.0365333e+00   0.0000000e+00   0.0000000e+00   1.0428743e+00  -2.1595752e-01
  -8.8985367e-03  -1.1036261e-01   0.0000000e+00   0.0000000e+00   0.0000000e+00  -1.6141797e-01   0.0000000e+00   6.1682914e-01   0.0000000e+00   0.0000000e+00   4.5881927e-01   0.0000000e+00   5.4877429e-01   0.0000000e+00   2.4538180e-01   0.0000000e+00  -9.6573233e-02   0.0000000e+00   0.0000000e+00   0.0000000e+00
   0.0000000e+00   0.0000000e+00   0.0000000e+00  -3.4473610e-01   0.0000000e+00   0.0000000e+00   7.3510309e-01   0.0000000e+00   9.7203099e-02  -2.3053743e-01   0.0000000e+00  -2.6574626e-01   0.0000000e+00   0.0000000e+00   0.0000000e+00   0.0000000e+00   0.0000000e+00   4.5559131e-01   0.0000000e+00   0.0000000e+00
   0.0000000e+00   0.0000000e+00  -1.0242416e+00   0.0000000e+00  -8.3067182e-01   0.0000000e+00   0.0000000e+00   0.0000000e+00   0.0000000e+00   0.0000000e+00   0.0000000e+00   0.0000000e+00   0.0000000e+00  -2.7018165e-01   0.0000000e+00   1.0751511e+00   0.0000000e+00   0.0000000e+00  -6.7663886e-01  -3.0161659e-02
   0.0000000e+00   0.0000000e+00   6.4431884e-01   0.0000000e+00  -1.1058290e+00   0.0000000e+00   0.0000000e+00   0.0000000e+00   0.0000000e+00   0.0000000e+00   0.0000000e+00   0.0000000e+00   0.0000000e+00  -5.6560468e-01   0.0000000e+00   1.3880635e-01   0.0000000e+00   0.0000000e+00   9.0823387e-01   5.4671824e-02
