  -4.7853880e-01  -1.3626951e+00
   2.5884466e+00   1.1018198e+00
   9.9856123e-01  -5.3623441e-02
  -5.3623441e-02  -9.9856123e-01
  -8.2343093e-01  -5.6741652e-01
   5.6741652e-01  -8.2343093e-01
  -9.9916609e-01   4.0830509e-02
  -4.0830509e-02  -9.9916609e-01
   9.6341236e-01  -2.6802355e-01
  -2.6802355e-01  -9.6341236e-01
  -9.5500188e-01  -2.9659974e-01
  -2.9659974e-01   9.5500188e-01
   8.8273354e-01  -4.6987392e-01
  -4.6987392e-01  -8.8273354e-01
  -9.5733217e-01   2.8898982e-01
   2.8898982e-01   9.5733217e-01
