  -2.8812220e-01   0.0000000e+00   7.4245552e-01   0.0000000e+00   0.0000000e+00  -1.6572520e-01   0.0000000e+00   0.0000000e+00   0.0000000e+00   3.3999073e-01
   0.0000000e+00  -4.8181884e-01   0.0000000e+00   2.5378598e-01  -1.3022400e-01   0.0000000e+00  -6.6930403e-02   2.0482000e-01   8.0003380e-01   0.0000000e+00
   8.4050760e-01   0.0000000e+00   1.0244685e+00   0.0000000e+00   0.0000000e+00   6.6132742e-01   0.0000000e+00   0.0000000e+00   0.0000000e+00  -1.3684831e-01
   0.0000000e+00   2.8254664e-01   0.0000000e+00  -2.8182419e-01  -7.5518664e-01   0.0000000e+00   1.2729419e-01   5.0388236e-01   1.8287432e-02   0.0000000e+00
   0.0000000e+00   3.9658110e-02   0.0000000e+00   7.2290308e-01  -4.7989278e-01   0.0000000e+00  -3.5364064e-01  -2.3866061e-01  -2.5203315e-01   0.0000000e+00
  -7.9552457e-01   0.0000000e+00  -4.0326104e-01   0.0000000e+00   0.0000000e+00   1.3671526e+00   0.0000000e+00   0.0000000e+00   0.0000000e+00   1.7115607e-01
   0.0000000e+00  -2.4963086e-01   0.0000000e+00   2.8586340e-02  -2.9945267e-01   0.0000000e+00   7.7951603e-01  -4.8911785e-01  -1.7715689e-02   0.0000000e+00
   0.0000000e+00   7.7126547e-01   0.0000000e+00   3.3763615e-01   1.7790461e-01   0.0000000e+00   2.7393563e-01  -6.1634650e-02   4.2504329e-01   0.0000000e+00
   0.0000000e+00  -1.7111180e-01   0.0000000e+00   4.6772171e-01   2.4721615e-01   0.0000000e+00   4.1420869e-01   6.3573371e-01  -3.3928622e-01   0.0000000e+00
  -4.4932004e-02   0.0000000e+00  -1.4385954e-01   0.0000000e+00   0.0000000e+00   4.4031072e-01   0.0000000e+00   0.0000000e+00   0.0000000e+00  -7.2288803e-01
   2.4411345e-01   3.4429871e-01   7.0530423e-01   3.4619075e-01   0.0000000e+00   2.8431449e-01   0.0000000e+00  -3.5175304e-01   0.0000000e+00   0.0000000e+00
  -5.8718868e-01   2.3114416e-01  -2.9412208e-01  -1.2053107e-01   0.0000000e+00   3.1945232e-01   0.0000000e+00  -6.3142419e-01   0.0000000e+00   0.0000000e+00
  -2.8458345e-01  -2.0970122e-01   5.4026072e-01  -6.9664183e-01   0.0000000e+00   2.4574602e-01   0.0000000e+00   1.9353310e-01   0.0000000e+00   0.0000000e+00
  -4.5031990e-01  -3.6787640e-01   5.5199619e-02   5.8839452e-01   0.0000000e+00   4.2632401e-01   0.0000000e+00   3.6176190e-01   0.0000000e+00   0.0000000e+00
   0.0000000e+00   0.0000000e+00   0.0000000e+00   0.0000000e+00   4.9041111e-01   0.0000000e+00   4.3078110e-01   0.0000000e+00  -5.7538995e-01  -1.3078421e-01
   5.2306860e-01  -3.1111928e-02  -3.4198340e-01  -1.8169378e-01   0.0000000e+00   7.5458142e-01   0.0000000e+00   7.7928748e-02   0.0000000e+00   0.0000000e+00
   0.0000000e+00   0.0000000e+00   0.0000000e+00   0.0000000e+00  -7.6673840e-01   0.0000000e+00  -3.2555871e-01   0.0000000e+00  -3.3035497e-01  -2.0552575e-01
  -1.9555450e-01   8.0483239e-01  -6.4473707e-02  -3.3070251e-02   0.0000000e+00   7.4693334e-02   0.0000000e+00   5.5061209e-01   0.0000000e+00   0.0000000e+00
   0.0000000e+00   0.0000000e+00   0.0000000e+00   0.0000000e+00  -1.1410816e+00   0.0000000e+00  -8.4889553e-02   0.0000000e+00  -1.0801296e+00   1.7888395e-01
   0.0000000e+00   0.0000000e+00   0.0000000e+00   0.0000000e+00  -5.7880152e-01   0.0000000e+00   8.9756904e-01   0.0000000e+00   3.2183393e-01  -5.3655815e-01
   2.5671598e-01  -3.3127247e-01   0.0000000e+00   0.0000000e+00   0.0000000e+00   0.0000000e+00   0.0000000e+00   0.0000000e+00  -1.2437413e-01   7.4263518e-01
   4.1320674e-01  -3.5972258e-02   0.0000000e+00   0.0000000e+00   0.0000000e+00   0.0000000e+00   0.0000000e+00   0.0000000e+00  -8.2477968e-03  -3.8556304e-01
   0.0000000e+00   0.0000000e+00   2.7965216e-01   8.8873898e-01  -4.6648781e-02   2.2519420e-01   2.6027307e-02   2.7994952e-01   0.0000000e+00   0.0000000e+00
   0.0000000e+00   0.0000000e+00   3.7203205e-01   2.1450230e-02  -4.9048934e-01   1.0619276e-01  -5.4790194e-01  -5.5594858e-01   0.0000000e+00   0.0000000e+00
   0.0000000e+00   0.0000000e+00  -7.2169575e-01   1.0272428e-01  -5.2879021e-01   4.1877703e-01   1.0946302e-01  -4.0342639e-02   0.0000000e+00   0.0000000e+00
   0.0000000e+00   0.0000000e+00   3.8106596e-01  -1.5236803e-01  -2.0132544e-03   4.7610967e-01   6.9700336e-01  -3.4507182e-01   0.0000000e+00   0.0000000e+00
   0.0000000e+00   0.0000000e+00   4.3960242e-02   1.6189476e-01  -4.9584443e-01  -7.1723379e-01   4.4778295e-01  -1.0517606e-01   0.0000000e+00   0.0000000e+00
   0.0000000e+00   0.0000000e+00   3.3970325e-01  -3.8691692e-01  -4.8141382e-01   1.4673696e-01  -2.8646839e-02   6.9338687e-01   0.0000000e+00   0.0000000e+00
  -7.1852117e-01  -5.4582293e-01   0.0000000e+00   0.0000000e+00   0.0000000e+00   0.0000000e+00   0.0000000e+00   0.0000000e+00   9.6777654e-01   2.5492490e-02
  -4.9798255e-01  -5.5995873e-01   0.0000000e+00   0.0000000e+00   0.0000000e+00   0.0000000e+00   0.0000000e+00   0.0000000e+00  -8.8385871e-01  -1.1389194e-01
  -2.3486358e-01   0.0000000e+00  -2.6309313e-01  -8.5227962e-02   0.0000000e+00   0.0000000e+00   7.8324992e-01   3.8827853e-01   0.0000000e+00   3.2267110e-01
   0.0000000e+00   6.4320312e-01   0.0000000e+00   0.0000000e+00   1.4538708e-01   6.5902840e-01   0.0000000e+00   0.0000000e+00   6.1868477e-01   0.0000000e+00
  -2.7359712e-01   0.0000000e+00   4.3893498e-01   2.4095755e-01   0.0000000e+00   0.0000000e+00  -2.8169430e-01   7.7110120e-01   0.0000000e+00  -2.1712190e-02
  -7.7739254e-01   0.0000000e+00   2.9817861e-01  -3.9516262e-01   0.0000000e+00   0.0000000e+00   6.9898964e-02  -3.0307886e-01   0.0000000e+00  -2.3206509e-01
   0.0000000e+00   8.8250355e-01   0.0000000e+00   0.0000000e+00  -6.3386132e-01  -5.7213327e-01   0.0000000e+00   0.0000000e+00   5.9350572e-01   0.0000000e+00
   0.0000000e+00  -9.2549982e-01   0.0000000e+00   0.0000000e+00  -4.6037487e-02   1.9423227e-01   0.0000000e+00   0.0000000e+00   2.3450511e-02   0.0000000e+00
   3.7224242e-01   0.0000000e+00   3.6676324e-02  -5.3186216e-01   0.0000000e+00   0.0000000e+00   1.7878241e-01   3.2402711e-01   0.0000000e+00  -6.6351816e-01
   2.2378617e-01   0.0000000e+00   6.5463241e-01   4.1881108e-01   0.0000000e+00   0.0000000e+00   5.1464834e-01  -2.4039851e-01   0.0000000e+00  -1.5270586e-01
   0.0000000e+00  -1.4312067e-02   0.0000000e+00   0.0000000e+00   8.1040477e-01  -2.8759816e-01   0.0000000e+00   0.0000000e+00   8.0356017e-01   0.0000000e+00
   2.7748854e-01   0.0000000e+00   4.6831491e-01  -5.6589935e-01   0.0000000e+00   0.0000000e+00  -7.3864366e-02  -9.6027112e-04   0.0000000e+00   6.1480266e-01
   6.3267838e-01  -2.3907642e-01   0.0000000e+00   0.0000000e+00  -5.7873624e-02  -5.1421912e-01   0.0000000e+00   1.1786338e-01   0.0000000e+00   5.1078186e-01
  -4.1415529e-01  -2.7131549e-01   0.0000000e+00   0.0000000e+00  -1.1429010e-01   3.7552987e-02   0.0000000e+00   8.3216762e-01   0.0000000e+00   2.1883305e-01
   0.0000000e+00   0.0000000e+00   7.0165914e-01   5.4060502e-01   0.0000000e+00   0.0000000e+00  -1.5145700e-02   0.0000000e+00   1.1483528e+00   0.0000000e+00
   0.0000000e+00   0.0000000e+00  -9.0347806e-01  -3.0594163e-01   0.0000000e+00   0.0000000e+00  -4.9899197e-02   0.0000000e+00  -3.7413485e-01   0.0000000e+00
  -3.5014988e-01  -7.5073665e-01   0.0000000e+00   0.0000000e+00   2.8422495e-01  -3.2528404e-01   0.0000000e+00  -3.2929893e-01   0.0000000e+00  -1.3696068e-01
   5.3238507e-01  -3.0067609e-01   0.0000000e+00   0.0000000e+00   2.1437877e-01   2.1814038e-01   0.0000000e+00   3.5430799e-01   0.0000000e+00  -6.3803009e-01
   0.0000000e+00   0.0000000e+00   5.1853445e-01  -8.5567795e-01   0.0000000e+00   0.0000000e+00   9.5776229e-01   0.0000000e+00   2.0918087e-01   0.0000000e+00
  -1.4537926e-01   4.5704017e-01   0.0000000e+00   0.0000000e+00   3.6139890e-01  -6.9278533e-01   0.0000000e+00   2.4122335e-01   0.0000000e+00  -3.1816626e-01
   0.0000000e+00   0.0000000e+00   2.9658400e-01   1.1985388e-01   0.0000000e+00   0.0000000e+00  -7.6477823e-02   0.0000000e+00  -5.0009797e-01   0.0000000e+00
   3.1930142e-02   7.9580275e-02   0.0000000e+00   0.0000000e+00   8.5219550e-01   3.1752484e-01   0.0000000e+00   3.8008540e-02   0.0000000e+00   4.0514639e-01
   8.9762530e-01   0.0000000e+00   0.0000000e+00  -1.0577195e-01  -3.1349398e-02   3.2303590e-01  -2.7230982e-01   0.0000000e+00   0.0000000e+00   5.9945775e-02
   0.0000000e+00  -1.0708473e+00  -1.1286043e+00   0.0000000e+00   0.0000000e+00   0.0000000e+00   0.0000000e+00   3.2052233e-01   7.8855927e-01   0.0000000e+00
   0.0000000e+00   2.1743056e-01  -2.9131368e-01   0.0000000e+00   0.0000000e+00   0.0000000e+00   0.0000000e+00  -5.9329755e-02   4.8165899e-01   0.0000000e+00
  -1.0764691e-01   0.0000000e+00   0.0000000e+00   5.2581326e-02  -7.1069562e-01  -2.4824408e-02  -4.4058690e-01   0.0000000e+00   0.0000000e+00  -5.3462698e-01
  -3.0152281e-02   0.0000000e+00   0.0000000e+00   2.4486932e-01  -1.0865562e-01   6.9875038e-01   5.7406510e-01   0.0000000e+00   0.0000000e+00  -3.3093954e-01
   3.0530556e-01   0.0000000e+00   0.0000000e+00   2.9436471e-01   3.9026406e-01  -4.6440867e-01   1.5200935e-01   0.0000000e+00   0.0000000e+00  -6.5501881e-01
   2.7494513e-01   0.0000000e+00   0.0000000e+00  -2.9354740e-01  -5.2216582e-01  -4.1448454e-01   6.1557568e-01   0.0000000e+00   0.0000000e+00   1.2184872e-01
   0.0000000e+00  -9.4580141e-01  -3.9062251e-02   0.0000000e+00   0.0000000e+00   0.0000000e+00   0.0000000e+00  -1.9050828e-01  -5.0771299e-01   0.0000000e+00
   0.0000000e+00  -8.4847874e-02   5.0312818e-01   0.0000000e+00   0.0000000e+00   0.0000000e+00   0.0000000e+00  -4.8096827e-01   5.3353917e-01   0.0000000e+00
   1.1386611e-01   0.0000000e+00   0.0000000e+00   8.6790890e-01  -2.3908100e-01  -1.3894825e-01  -1.1812966e-02   0.0000000e+00   0.0000000e+00   3.9643759e-01
   3.6514669e-01   1.0297923e+00   0.0000000e+00   0.0000000e+00   0.0000000e+00   0.0000000e+00   0.0000000e+00  -9.3444025e-01   0.0000000e+00  -2.4456944e-02
  -5.6928317e-01  -3.0803340e-02   0.0000000e+00   0.0000000e+00   0.0000000e+00   0.0000000e+00   0.0000000e+00   3.3233424e-01   0.0000000e+00   6.1906993e-01
   0.0000000e+00   0.0000000e+00   6.6973671e-01   1.5918902e-01  -2.6349015e-01   4.0900715e-01   5.2492345e-01   0.0000000e+00  -1.1769903e-01   0.0000000e+00
   0.0000000e+00   0.0000000e+00   1.0014098e-01   8.0645443e-01   5.9037410e-02   1.1473092e-01  -3.2804548e-01   0.0000000e+00   4.6404806e-01   0.0000000e+00
   0.0000000e+00   0.0000000e+00   3.3336263e-01  -4.0411621e-02   1.0427586e-02   2.3220962e-01  -7.1578120e-01   0.0000000e+00  -5.6644814e-01   0.0000000e+00
   0.0000000e+00   0.0000000e+00  -3.3643390e-01   5.5183934e-01  -2.3717345e-01  -2.7936735e-01   2.1868107e-01   0.0000000e+00  -6.3258738e-01   0.0000000e+00
   0.0000000e+00   0.0000000e+00   5.6275267e-01   2.5676939e-02   1.8821488e-01  -8.0446901e-01  -2.9686234e-03   0.0000000e+00   6.7881447e-03   0.0000000e+00
   6.7411493e-01  -2.5121000e-01   0.0000000e+00   0.0000000e+00   0.0000000e+00   0.0000000e+00   0.0000000e+00   3.2745380e-01   0.0000000e+00  -1.2357074e-01
   0.0000000e+00   0.0000000e+00  -2.0384972e-02   1.3217807e-01   9.1394896e-01   2.0102772e-01   2.3805166e-01   0.0000000e+00  -2.2300218e-01   0.0000000e+00
   2.3251322e-02  -9.2088375e-01   0.0000000e+00   0.0000000e+00   0.0000000e+00   0.0000000e+00   0.0000000e+00  -6.7453596e-01   0.0000000e+00  -4.4582108e-02
  -1.4441579e-01   2.6984676e-01  -1.1264851e-01   0.0000000e+00   4.1168909e-01   0.0000000e+00   0.0000000e+00   0.0000000e+00   1.6353039e-01   8.3510899e-01
  -3.4244346e-01  -6.6764822e-01  -6.2376783e-01   0.0000000e+00  -6.2070093e-02   0.0000000e+00   0.0000000e+00   0.0000000e+00  -1.6107344e-01   1.3451649e-01
   5.3872679e-01  -4.8142976e-01   5.6372997e-02   0.0000000e+00   6.0550853e-01   0.0000000e+00   0.0000000e+00   0.0000000e+00   3.1225905e-01  -1.0331807e-01
   0.0000000e+00   0.0000000e+00   0.0000000e+00  -4.3011407e-01   0.0000000e+00  -4.8879556e-01   3.1660978e-01  -1.0890333e+00   0.0000000e+00   0.0000000e+00
   9.0414651e-02   4.5201011e-01  -5.6295711e-01   0.0000000e+00   4.5699810e-01   0.0000000e+00   0.0000000e+00   0.0000000e+00  -3.6294378e-01  -3.6057717e-01
   0.0000000e+00   0.0000000e+00   0.0000000e+00  -7.9833387e-01   0.0000000e+00   5.7539095e-01  -5.7963074e-01   1.5326199e-01   0.0000000e+00   0.0000000e+00
   0.0000000e+00   0.0000000e+00   0.0000000e+00  -3.3492823e-01   0.0000000e+00  -6.1889801e-01  -4.0208144e-01  -1.1485283e+00   0.0000000e+00   0.0000000e+00
   0.0000000e+00   0.0000000e+00   0.0000000e+00  -1.4642705e-01   0.0000000e+00   4.7545523e-01   5.1231360e-01  -3.3797440e-02   0.0000000e+00   0.0000000e+00
  -5.1673052e-01   1.2548156e-01  -1.3269411e-01   0.0000000e+00   1.2626879e-01   0.0000000e+00   0.0000000e+00   0.0000000e+00   7.4621191e-01  -3.5617440e-01
  -5.4448578e-01  -1.7203259e-01   5.1040931e-01   0.0000000e+00   4.8500284e-01   0.0000000e+00   0.0000000e+00   0.0000000e+00  -4.0155578e-01  -1.3018284e-01
  -2.4140380e-01   4.2885125e-01   2.7550620e-01  -3.3033644e-01   0.0000000e+00   0.0000000e+00   0.0000000e+00   2.9089975e-01   6.9868613e-01   0.0000000e+00
   5.1327237e-01  -5.0945145e-01  -1.9693162e-01  -5.8524909e-01   0.0000000e+00   0.0000000e+00   0.0000000e+00  -3.8403997e-02   3.0698088e-01   0.0000000e+00
  -4.5221293e-01  -1.3756672e-01   3.1627400e-01  -6.4880271e-01   0.0000000e+00   0.0000000e+00   0.0000000e+00   5.4582042e-03  -5.0554414e-01   0.0000000e+00
  -6.0835038e-01  -2.9878663e-01  -3.1102193e-01   5.4313127e-02   0.0000000e+00   0.0000000e+00   0.0000000e+00  -5.6109628e-01   3.5513768e-01   0.0000000e+00
   0.0000000e+00   0.0000000e+00   0.0000000e+00   0.0000000e+00   3.9820271e-01  -2.0824923e-01  -3.6292886e-01   0.0000000e+00   0.0000000e+00   4.3632047e-01
   0.0000000e+00   0.0000000e+00   0.0000000e+00   0.0000000e+00  -2.2244910e-01  -2.8373407e-01   7.2248763e-01   0.0000000e+00   0.0000000e+00  -1.1270810e+00
   0.0000000e+00   0.0000000e+00   0.0000000e+00   0.0000000e+00   5.7996790e-01   4.5657105e-01   7.7774721e-01   0.0000000e+00   0.0000000e+00   7.0257295e-01
  -2.6821810e-01  -6.4719599e-03  -7.2306134e-01  -8.0189436e-02   0.0000000e+00   0.0000000e+00   0.0000000e+00   6.2334783e-01  -1.0102777e-01   0.0000000e+00
  -1.7817970e-01  -6.6955649e-01   4.0710280e-01   3.4356385e-01   0.0000000e+00   0.0000000e+00   0.0000000e+00   4.5878222e-01   1.6030025e-01   0.0000000e+00
   0.0000000e+00   0.0000000e+00   0.0000000e+00   0.0000000e+00  -3.8766624e-01   3.0670909e-01  -6.8805507e-02   0.0000000e+00   0.0000000e+00  -5.2266159e-01
  -3.4103547e-01   0.0000000e+00   0.0000000e+00   5.0744458e-01   0.0000000e+00   0.0000000e+00   0.0000000e+00   0.0000000e+00  -6.5992013e-01  -4.2580426e-01
   0.0000000e+00  -7.1915985e-02  -4.3857192e-01   0.0000000e+00  -2.0532947e-01   5.0110556e-03  -6.4576139e-01   5.8590928e-01   0.0000000e+00   0.0000000e+00
   0.0000000e+00   6.4501713e-01  -5.4334585e-01   0.0000000e+00   1.2125434e-01  -3.8886640e-01   3.3836355e-01   9.1206350e-02   0.0000000e+00   0.0000000e+00
  -8.6293252e-01   0.0000000e+00   0.0000000e+00  -5.0395850e-01   0.0000000e+00   0.0000000e+00   0.0000000e+00   0.0000000e+00  -2.9959955e-01  -1.0976854e-01
   0.0000000e+00   5.0575848e-01   5.7818396e-01   0.0000000e+00   4.2528812e-01  -1.5043079e-01  -4.1236223e-01   1.9070829e-01   0.0000000e+00   0.0000000e+00
   0.0000000e+00   4.9683737e-02  -2.0999842e-01   0.0000000e+00  -5.5539322e-02  -2.8768082e-01  -5.3761530e-01  -7.6062942e-01   0.0000000e+00   0.0000000e+00
   0.0000000e+00   4.6694394e-01   2.5751766e-01   0.0000000e+00  -8.3176738e-01   1.4930480e-01   3.5160358e-03  -3.8817044e-02   0.0000000e+00   0.0000000e+00
   0.0000000e+00   3.2013159e-01  -2.6022796e-01   0.0000000e+00   2.5951035e-01   8.4916206e-01  -9.7042001e-02  -1.7876854e-01   0.0000000e+00   0.0000000e+00
   2.8729187e-01   0.0000000e+00   0.0000000e+00  -4.8935432e-01   0.0000000e+00   0.0000000e+00   0.0000000e+00   0.0000000e+00  -7.0660211e-01  -1.0239369e+00
   3.7583331e-01   0.0000000e+00   0.0000000e+00   6.8657557e-01   0.0000000e+00   0.0000000e+00   0.0000000e+00   0.0000000e+00  -6.3018598e-01  -6.1292387e-01
