   8.9522330e-01   6.6905862e-01
  -2.6027603e+00   1.4059071e+00
   5.6025176e-01   8.2832238e-01
  -8.2832238e-01   5.6025176e-01
  -7.8719829e-01   6.1669997e-01
   6.1669997e-01   7.8719829e-01
  -9.9026169e-01  -1.3921849e-01
  -1.3921849e-01   9.9026169e-01
   1.9128609e-01  -9.8153432e-01
  -9.8153432e-01  -1.9128609e-01
  -7.8262810e-01  -6.2248956e-01
  -6.2248956e-01   7.8262810e-01
   6.1742773e-01  -7.8662761e-01
  -7.8662761e-01  -6.1742773e-01
   9.8815945e-01  -1.5343045e-01
   1.5343045e-01   9.8815945e-01
