   2.2881474e-01   1.5385727e-01   3.8834554e-01   3.1115837e-01  -1.4736115e-01  -8.5169470e-02   2.2710209e-01  -1.1546266e-01  -3.2464101e-02   6.1615761e-02   2.9212757e-01  -1.4797948e-01   2.3410780e-01  -2.1406634e-01   2.3254130e-01   4.3640360e-01   1.2917496e-01   1.6664143e-01   4.1260302e-02  -2.8118429e-01
  -4.4252702e-01  -6.8055248e-03  -9.8795038e-02   3.9305786e-02  -2.9095862e-02   5.1143485e-02  -4.5587251e-02   1.4156907e-01   2.7761227e-01  -2.9368577e-01  -1.7683334e-01  -5.8738400e-04  -3.1157606e-02  -1.8068510e-02   2.0988906e-02  -6.0617225e-02   3.7946223e-01   3.5490763e-01  -4.8149889e-02  -5.4310583e-01
   1.0237776e-01   1.0652185e-02   2.8513089e-01  -9.4342530e-02   3.0542251e-01   4.6054604e-01   1.0579765e-01  -2.1488327e-01  -1.0275247e-01  -2.9964549e-01   2.6779427e-01  -6.7192152e-02  -1.5458202e-01   2.5691470e-01  -2.4937390e-01  -1.2648439e-01   3.6012424e-02  -2.1753913e-01   2.4143524e-01  -2.9134182e-01
   1.2059305e-01  -1.7152337e-01   3.3643174e-01   1.9782420e-01   1.4885086e-01  -3.8534516e-02  -3.0256825e-01   3.9644345e-01   3.4992334e-01   2.4750337e-01  -7.3158707e-02   1.3040673e-01   9.1738963e-02   1.5601998e-01   8.0914837e-02  -3.9003365e-02   3.4241988e-01  -3.3689184e-01   2.2852808e-01   3.8706491e-02
   1.4898552e-01  -2.4407152e-01  -3.7454721e-02   9.1309000e-02  -2.1706667e-01   1.7289727e-01   1.6472198e-01   2.6051332e-01  -9.1011541e-02  -3.1546829e-01  -1.7346661e-01  -1.0799941e-01  -7.2637107e-02  -8.8412696e-02  -2.5904385e-01   2.2237524e-01   1.6561253e-01   2.7668151e-01   4.5156452e-01   3.8650266e-01
   3.9094566e-01   1.2003374e-01  -1.1660899e-01  -5.7095140e-02  -8.1980604e-02   2.0847411e-01  -2.2215595e-01   1.7568759e-01  -2.9872163e-01   1.4696407e-01   9.1076531e-02   2.4432310e-01  -5.5264052e-01  -1.3674649e-02   2.2132169e-01   1.6302710e-02   2.7369954e-01   1.9406348e-01  -1.6817580e-01  -1.0473614e-01
   1.9038080e-01  -5.3209373e-02  -8.3768202e-02   2.5096034e-01  -3.1076021e-01   1.4425389e-03  -3.5994920e-01  -4.6677836e-02  -3.5811184e-01   8.7211718e-02  -4.9961771e-02   9.9726084e-02   4.3272688e-01   9.8578798e-02  -3.9281150e-01  -2.7108001e-01  -3.3571238e-02   9.4562459e-02   4.2447441e-02  -2.7873209e-01
  -3.0018720e-01   3.8116723e-01   2.5428803e-01  -2.4118446e-01  -1.9266218e-01  -3.4403250e-01  -1.8922854e-01  -1.7319995e-01  -1.9318539e-01  -1.5668605e-01   3.1998139e-02   3.9843834e-01  -5.9256421e-02   1.5729000e-01  -9.2749424e-02   2.0385285e-01   1.8540575e-01  -5.2092761e-02   2.4956470e-01   1.4510204e-01
   2.5424269e-01   3.3439571e-01  -1.7564288e-01   8.3432931e-02  -1.8873704e-01   2.0345835e-01  -3.4070177e-01  -1.5143317e-01   4.5719117e-01  -3.2857497e-01   3.7922728e-02  -1.3601762e-01   8.1651734e-02   1.6422816e-01  -1.0563286e-01   2.3758041e-01   3.7510615e-02  -1.0363224e-01  -2.9012180e-01   1.8766942e-01
   4.4547845e-02   2.8634313e-01   4.1377410e-01  -7.8126440e-02  -1.3707399e-03   1.0690030e-01  -2.2144335e-02   1.8595173e-01  -1.0240156e-01  -9.6616321e-02  -2.6014132e-01  -2.2989079e-01   1.4671986e-01   3.5307883e-01   3.3352181e-01  -3.0885237e-01  -1.8445734e-01   3.6591031e-01  -5.6983006e-02   1.6699827e-01
  -2.9912868e-01  -1.8121736e-01  -1.7931979e-01   3.1916619e-01  -2.5500178e-01   1.9829227e-01   1.1410783e-01   9.4158872e-02  -2.9623366e-01  -1.0873691e-01  -1.1293803e-02   3.5611639e-02   1.9470549e-02   4.4931382e-01   3.5969234e-01   2.4202904e-01  -5.0257712e-02  -3.4160903e-01  -8.1245957e-02  -2.0284975e-02
  -1.4472852e-01  -3.1173228e-01   5.3179554e-02  -2.4026347e-01   1.7032768e-01   1.0338268e-02  -3.1818696e-01  -2.7450890e-01  -2.1898396e-01   2.3704794e-01  -2.3548819e-02  -4.7773889e-01   6.0519687e-02   1.6173725e-01  -4.4478859e-02   2.7008460e-01   3.4961045e-01   1.3976991e-01  -1.4916431e-01   1.1794981e-01
  -1.0248080e-01  -3.3027253e-02   1.2800157e-01  -3.0478583e-01  -4.4636566e-01   3.8830712e-01   1.0900231e-01  -6.1958884e-02   2.9836978e-01   5.0243917e-01  -1.0358678e-01   9.6023281e-02  -6.1401396e-02   1.2953195e-01  -1.3162199e-01   1.7048607e-01  -2.1365041e-01   9.0064372e-02   1.1174846e-01  -1.3703394e-01
  -4.2516888e-02   5.1318140e-02   3.1581003e-01   4.7841889e-03   8.4838977e-02  -3.9334314e-03  -1.3346717e-01   2.9942502e-01  -1.9821850e-01  -1.0750884e-01  -4.0971688e-01  -9.1204116e-02  -1.7142021e-01  -2.3579147e-01  -2.9311543e-01   3.4334164e-01  -2.8303926e-01  -2.2797249e-01  -3.0525881e-01  -2.0008707e-01
  -1.1586656e-01  -3.1281136e-01   2.3036292e-01  -2.0369321e-01  -3.0447880e-01   2.1925454e-01  -3.5644002e-01  -7.7728402e-02  -1.3389747e-02  -2.7692087e-01   1.7193068e-01   2.1098570e-02   7.0909901e-02  -4.8126952e-01   3.3355835e-01  -1.8462599e-01  -9.4970467e-02  -1.3414562e-01   9.0706082e-03   6.5817568e-02
  -2.5819574e-01   5.2371647e-01  -1.2935995e-01   1.2672850e-01  -7.6212372e-02   2.7948952e-01   2.6262615e-02   6.1601283e-02  -1.5695991e-01   2.4774669e-01  -6.2108145e-02  -3.5004617e-01   8.0785441e-03  -3.2573534e-01  -2.6538798e-02  -1.8835102e-01   2.5901125e-01  -2.7298678e-01   1.7477197e-01   1.0462850e-01
   2.7713878e-01  -1.0744740e-01   1.0843299e-01  -2.1970165e-01  -4.0601042e-01  -2.7155616e-01   3.5825455e-01  -1.2816747e-01   1.0974871e-02  -1.0463425e-01  -2.6432470e-01  -1.8325242e-01  -9.1813932e-02   6.9311262e-02  -1.9802400e-02  -2.5782482e-01   3.5051021e-01  -3.2169151e-01  -1.9516237e-01  -9.5987601e-02
  -4.8820492e-02  -7.0961837e-03  -3.6557631e-02   1.0439547e-01  -2.3253453e-01  -3.7319512e-01  -2.3709346e-01   1.2784221e-01   9.5535200e-02   7.4265905e-03   2.8586303e-01  -4.7853274e-01  -4.3550693e-01   1.4650887e-01  -2.8961034e-02  -7.8404929e-02  -2.8542090e-01  -2.3334024e-05   2.7323334e-01  -1.5904507e-01
  -2.6422101e-02   6.1027987e-02  -9.1704169e-02  -4.4274853e-01  -6.0617723e-02  -1.7796465e-02   1.1904088e-01   5.9538618e-01  -7.6861449e-02  -4.0752223e-02   4.8998661e-01  -7.0205139e-02   3.0645669e-01   6.9397721e-02  -1.4412201e-01   5.7458035e-02   7.3177022e-02  -4.7183182e-02  -1.8747120e-01  -1.9491242e-02
   2.7579271e-01   9.8212041e-02  -3.3733211e-01  -3.7753434e-01   1.3138256e-01  -4.7528876e-02  -1.2145833e-01   7.5495242e-03  -4.7818306e-02  -7.4759613e-02  -3.0155973e-01  -8.7474824e-02   2.1900636e-01  -1.3329210e-02   3.2680048e-01   2.1865216e-01  -1.0586090e-01  -1.4285977e-01   4.3442851e-01  -3.0672479e-01
   1.6266442e-01  -1.4064353e-01  -1.2241606e-01   2.0496857e-01  -4.2779088e-02  -1.9040240e-01  -1.7727174e-01   1.4246547e-02   2.7464903e-02   4.1092636e-02  -2.5944412e-01  -2.5001203e-01   1.1552157e-01  -4.1017498e-01  -1.9087229e-01   3.5275081e-01  -4.0754262e-01  -2.5261056e-01   5.0897077e-02  -3.4618293e-01
   1.4858923e-01  -3.0027878e-01  -1.5037085e-01  -5.6524680e-02  -3.4144028e-01   2.0222337e-01   7.6275223e-02  -2.2865546e-01   8.4682177e-02  -2.6159216e-01   4.0122637e-02   1.4900896e-01  -8.8764128e-02  -1.7418484e-02   5.3936286e-01   5.4378497e-02   1.8344334e-01  -2.9834969e-01   1.9812081e-01  -2.8807604e-01
   2.2384791e-01   2.9659570e-02  -1.0531928e-01   2.7525527e-01   4.4986837e-01   1.2188326e-01   7.4992775e-02   2.8731547e-01   2.7533182e-02  -4.5487394e-01  -2.5452975e-01  -2.8201304e-01  -1.6243959e-01  -9.9505031e-02   1.1258188e-01  -2.8906364e-02   2.2972003e-01  -6.9850625e-02   1.6632300e-01   2.6390650e-01
  -7.6936090e-02  -6.5710839e-02   2.4974086e-01   1.7404940e-01   2.5760524e-02  -2.0442815e-01   3.9685796e-02   1.7298722e-01   5.9660743e-01   1.7301524e-01   1.2174187e-01   6.4662848e-02  -1.6608908e-01   1.8096167e-01  -1.1090979e-01  -2.4655444e-01  -6.9150649e-02  -4.6412709e-01   2.5265179e-01   2.8577373e-02
   3.8901960e-02   4.7379530e-01   3.1389607e-01  -2.3229579e-01  -3.5037027e-01  -2.1951387e-01   2.8329994e-01   6.9231305e-02  -1.6749029e-01  -1.1149038e-01  -2.5003134e-01   1.0661235e-01  -1.0879795e-01  -2.4357181e-01  -1.2926719e-01   1.2009140e-01   1.8317373e-01  -1.1288225e-01   3.1744711e-01   4.2264167e-02
  -1.5222078e-01   1.8093128e-01  -4.4442764e-02   5.4569280e-02   9.6247596e-02   1.8941231e-01  -1.6177546e-01   1.4038037e-02   2.4716766e-01   1.1022013e-01  -5.9638462e-01   5.2715150e-01   2.7246144e-02  -7.6203084e-02   1.5598250e-01   6.7249983e-02   1.3627605e-02  -1.0581916e-01  -3.3165734e-01   6.3598350e-02
  -3.1473309e-01   2.4858521e-01  -7.9310853e-02  -2.1827845e-01   1.6599861e-01   7.1799918e-02   7.7555207e-02  -2.0437081e-01   2.0152516e-01  -1.1080110e-01   1.9721818e-01  -1.5747281e-01  -6.1088687e-01  -2.5667981e-01   1.4213366e-01   1.2116560e-01  -3.0881319e-01   4.3538887e-02  -1.2638444e-01  -3.0873613e-02
  -1.2328712e-01  -2.0658865e-01   3.2342810e-01   1.5202798e-01  -1.8752464e-01  -1.3297558e-01  -1.9327298e-01  -1.4192690e-02   7.5626501e-02  -6.6079183e-02   1.4358607e-01  -1.8147882e-01  -1.1838246e-01  -2.4853100e-01  -7.1024372e-02   1.9699908e-01   5.2263674e-01  -9.4502958e-02  -4.9999966e-01   9.2990100e-02
   2.4125294e-01  -1.1688585e-03  -2.0644639e-01  -3.2832660e-01   1.6209075e-01   1.4894997e-02   1.6924379e-01  -5.0235508e-02   1.4874112e-01  -4.2049180e-02   3.5109941e-01   2.0423741e-01   3.5542744e-01  -3.2543729e-01  -1.0030270e-01   1.3538830e-01  -2.7913117e-02  -3.1413037e-01  -1.1389304e-01   4.1446556e-01
  -4.0031130e-01  -2.9474525e-01   1.7880229e-01   2.6706278e-04   1.0392724e-01   1.4490976e-02  -3.8165855e-01  -1.5653714e-01  -2.0645614e-01   5.2698787e-02  -1.9341181e-02   1.1937841e-01   4.0546201e-02  -3.0521593e-01   1.1300732e-01  -1.8916845e-02  -4.9696824e-02   2.3367192e-02   4.8780051e-01   3.6167223e-01
   2.2380253e-02   1.3403641e-01   4.1511943e-01  -1.9486247e-01   1.2468041e-01   3.3894169e-01  -5.4966108e-02   2.9237855e-01  -1.4297564e-01   2.8356929e-01   5.7453206e-02  -2.8919537e-01   1.5127185e-01   1.5769761e-01   3.8580196e-01   2.9358985e-01  -1.1333229e-01  -2.5933749e-01  -3.8327596e-02  -1.2540385e-02
   2.7348860e-01   2.7923805e-01   3.5993985e-01   9.1584508e-02   1.9939314e-01   1.6479721e-01  -2.8344526e-01  -1.8735013e-01   3.2794466e-01  -1.7061282e-01   2.2871260e-01   1.4500484e-01   2.0468954e-01  -1.6576277e-01  -2.0622958e-02   3.2925939e-02   7.9586694e-02   3.3720366e-01   1.7074761e-01  -3.1121815e-01
  -4.9329138e-01   6.5002690e-02  -1.5528931e-01  -1.9535864e-01   1.5315677e-01  -4.2968940e-02  -2.5344404e-02   4.1192530e-01  -5.7383387e-02  -2.1626358e-01   1.1648917e-01   2.0806861e-02   2.7917781e-01  -1.9186632e-01  -1.0349163e-02  -2.5129215e-01   1.6924045e-01  -1.2861391e-01  -1.8838489e-02  -4.5488284e-01
  -3.1517655e-01  -2.2595353e-01   1.7696697e-01  -2.3891436e-02   6.6575338e-02   3.8544260e-01   4.9155310e-01  -3.1452245e-01   2.0127495e-01  -7.8818874e-02  -2.2902388e-01  -2.0267956e-01   2.4426244e-01   5.1919395e-02  -3.1082183e-01   1.2282532e-01   4.8086215e-02   3.5371732e-02   6.1539385e-02  -5.0119875e-02
   1.5347274e-01  -1.3156673e-01  -9.0956641e-02  -6.3595311e-02  -3.1778801e-01   5.8247926e-01  -5.8405450e-02   3.9046931e-01   7.8804039e-02   2.2493941e-01   4.0835439e-02   1.0694097e-02  -2.3509579e-01  -3.1895410e-01  -2.6806452e-01  -1.9035801e-01   1.0898519e-02   1.4664343e-01   6.9429166e-02   2.3245736e-02
  -2.1127106e-01   4.0707351e-01  -1.7122509e-01   3.7069963e-01  -4.4671490e-01   1.1610650e-01  -6.4304179e-02  -6.8156037e-02   1.5674245e-01  -1.0128842e-01   8.2685917e-02  -2.9542293e-01   3.3900232e-01  -5.3411310e-02   1.9149158e-01  -1.5819470e-01  -1.3893028e-01  -1.4715163e-02  -1.8113067e-02   2.6990532e-01
   1.3400269e-01  -6.2828428e-02   2.5105677e-01   2.3651620e-01   1.4513395e-01  -7.3429370e-02   4.0148951e-01  -1.2804205e-01  -1.8784690e-01   2.5231362e-01  -1.5289081e-02   1.5569737e-02   3.7913575e-02  -4.2541260e-01   2.8259049e-01  -4.9068200e-01  -1.0062838e-01   1.0352677e-02  -1.8569598e-01  -8.8890754e-02
  -1.3925483e-01   2.9279633e-02  -2.6607504e-01   2.6893014e-01   7.4286741e-02  -1.3560946e-01   2.9478110e-01   1.7951087e-01   1.5527558e-01   4.2822926e-01   1.4561755e-01   8.4126988e-02   2.0264995e-02  -1.1308815e-01   2.0601641e-01   4.3724314e-01   2.7851003e-01   2.8638766e-01   2.2316157e-01  -4.0244194e-02
   1.1361318e-01   1.0542518e-01  -2.2344620e-01  -3.8632451e-01   8.9546678e-02  -9.8256579e-02  -2.1175375e-01  -2.8037854e-01   2.0071946e-01   3.7715511e-01  -2.5189655e-01  -4.2175677e-01   4.3645614e-02  -6.2736500e-02   5.6425027e-02  -2.4688859e-01   3.6069118e-01  -2.2659916e-02   1.0090464e-01  -3.2267220e-02
   4.0320461e-02  -2.9347728e-01   1.5585364e-01  -3.3041065e-01  -1.6848912e-01  -2.8323562e-01   7.3122756e-02   2.9583424e-01   3.6454589e-01  -1.8606719e-01  -1.8734656e-01  -9.9330245e-02   1.4395587e-01  -5.3036673e-02   2.8029311e-01  -1.3567509e-02  -2.2328717e-01   4.3563463e-01  -6.7958834e-02   1.3524215e-01
  -2.1377738e-01  -1.7023458e-01   5.7403135e-02  -4.7627006e-03  -1.3057882e-02   2.7682874e-01   3.1770021e-01   4.7127009e-02  -5.8694218e-01   9.3308806e-02   1.4999754e-01   2.9676585e-01   6.2638965e-02  -2.1350159e-01   5.4669166e-02  -3.0785626e-01  -1.9305991e-01   3.3775921e-02   1.2622921e-01   2.7685406e-01
   5.0055481e-01   3.4227262e-03   2.6164810e-01  -7.8130677e-02  -1.1226862e-01  -2.5070561e-01   3.9784982e-01  -1.3705522e-01  -2.2882050e-01   1.3757059e-01   2.9164447e-01  -1.4682350e-01  -1.0221266e-01   1.1401683e-01   9.8792468e-02  -1.3588913e-01   2.7513475e-01  -1.1420121e-01   1.2461089e-01  -2.9749414e-01
   1.5533700e-01  -5.7891918e-02  -2.1233329e-01  -2.4121162e-01  -8.6460750e-04   5.6855033e-01   1.0886234e-01   3.0522306e-01   8.6517334e-02  -1.9995123e-01   6.7031495e-02  -3.9709540e-01  -5.0410853e-02   9.4536766e-02   2.4001298e-01   2.2594370e-02  -2.3217083e-01  -7.2428300e-02   2.5807063e-01  -1.8973560e-01
   1.1583264e-02   3.7741621e-02   3.8643753e-01   4.2353196e-02  -1.1091570e-01  -4.6005411e-02   6.5359499e-02  -2.0184676e-01  -1.6786328e-01  -2.1596106e-01  -1.4402986e-01  -2.3286045e-01   2.2004082e-01   5.1575862e-01   6.3979318e-02   1.1374639e-01  -4.3059748e-01  -1.0822620e-01  -2.0024107e-01   2.6346713e-01
  -2.2734238e-01   9.0849898e-02   2.0441901e-01  -6.8918393e-02   6.7141890e-02   7.0772619e-02  -1.2631139e-01  -4.7312739e-01   6.0428868e-02  -2.1156185e-01  -1.4675204e-01  -1.2125602e-02   1.1287205e-01  -2.6870781e-01  -3.8334039e-02  -1.6376271e-01  -2.1111189e-02  -5.0354494e-01   3.8134456e-01  -2.4789542e-01
  -8.4240161e-02   2.2980789e-02  -1.8763644e-02  -2.3366530e-01   6.1556262e-01   3.1714335e-02  -8.4835830e-02  -2.2060197e-01  -9.9655003e-02  -1.9266436e-01   3.5935705e-01  -9.2835635e-02  -1.2695725e-02  -7.5841927e-02   3.0260772e-01  -5.1106897e-03   1.0817511e-01   1.5034935e-02  -4.5540440e-01  -1.5817131e-04
  -2.2379862e-01  -1.4497530e-01  -5.2692147e-02  -4.0848210e-01  -3.4070136e-01  -1.2540269e-01   3.3569500e-01  -2.8459381e-01   2.3214066e-01   1.3833399e-02   1.1779937e-01   1.1776919e-01  -3.3089031e-02  -1.8731776e-01   2.1037053e-02   2.3982183e-01  -3.3312573e-01   2.4040702e-01  -1.6349079e-01  -2.4961948e-01
   6.3892046e-01   9.3205945e-03  -3.2562275e-01  -2.9092488e-01  -1.6431617e-02  -1.5460707e-02  -2.4166031e-01  -1.8824816e-01  -3.1112778e-02  -5.1212951e-02  -6.0228274e-02   3.8846471e-01   2.4943806e-01  -3.9201848e-02  -1.7770788e-02  -7.1863212e-02  -2.2120480e-01  -8.8566537e-02  -7.2963551e-03   1.4997357e-01
  -4.2449158e-02  -1.8720391e-01   8.9593599e-02  -3.9498623e-02   1.9527458e-01  -1.2595511e-01   1.7619576e-01   1.0103503e-01   5.6457425e-02  -2.4232190e-01   8.4841334e-03   2.4128988e-01   4.2901105e-01   8.6770866e-02   2.2781776e-01   4.5747020e-01   2.7270025e-01   1.4227119e-01   4.2533808e-01   9.9181757e-02
  -1.0263909e-01  -2.8097535e-01  -2.6420980e-01   1.1351911e-01   7.5803720e-02  -4.3673530e-01  -2.0593014e-01   7.3081605e-02  -3.3643264e-01  -2.1215686e-01  -7.4783374e-02   9.5997913e-02  -3.9971500e-01   1.6926707e-01   2.0906871e-01   4.2386137e-02  -2.6783455e-01  -6.3403288e-02   1.7303145e-01  -2.6638701e-01
  -1.2365197e-03  -6.7887805e-02   1.5576464e-01  -1.1034480e-01   9.9862139e-02   2.5362457e-01   9.1844733e-02  -2.2104256e-02   1.8599765e-01  -2.4323553e-01   2.0384449e-01   4.4058609e-01  -4.5608303e-01   3.8543782e-01  -3.9560071e-01   4.9742792e-02   8.1287588e-02  -1.4011726e-01   2.6243474e-02   6.1841072e-02
  -1.8047656e-01  -2.2042028e-01   8.9886679e-02  -6.1539002e-02   3.3976450e-02   4.9151629e-02  -3.0529520e-01   2.4517093e-03   1.4877744e-01   3.1797720e-01   2.3438988e-01   1.2058954e-01   3.5155311e-01   4.3276627e-01   3.2870569e-02  -3.8970993e-01  -5.9730918e-02   1.8620542e-01   8.4875184e-02  -3.2893121e-01
  -1.5018015e-01   5.7864844e-01  -2.5028152e-01  -1.9690944e-01   1.1831387e-01   7.5389069e-02   1.4315503e-01  -6.2646001e-02  -3.7060974e-01   2.0786843e-02  -2.6665542e-01   7.3173701e-02   9.5810688e-02   2.6949741e-01  -2.0683438e-01   8.0984839e-02   1.0497093e-01   2.0805353e-01   3.0161437e-02  -3.1063253e-01
   2.2112986e-02  -1.6007754e-01   2.4009092e-01  -4.2650186e-01  -1.6643863e-01   1.8745127e-02  -3.8537639e-01  -1.1880903e-01  -2.1342925e-01  -1.7192225e-01  -1.1190804e-01  -2.4637448e-01  -1.9107789e-01  -6.9891516e-02  -1.2751189e-01  -6.8397700e-02   2.3246859e-01   4.5711455e-01   1.8705783e-01   1.8709029e-01
  -1.6215235e-01   4.7119242e-01   1.5428963e-01  -2.9412316e-01  -2.9150873e-01  -2.5861526e-01  -1.7564422e-01   4.5879160e-01   2.1014019e-02  -1.9076153e-01   3.0723060e-01   1.4626228e-01   3.9141885e-02  -4.5764841e-02   1.8093616e-01  -1.0966796e-01  -2.1246280e-02  -1.9741243e-01   1.8864087e-03   8.7964919e-02
  -1.7612633e-01  -1.8666193e-02  -1.8217278e-01  -3.2042566e-01   2.1912861e-02  -3.6500400e-02  -8.2779626e-02  -1.2942532e-01  -4.8440864e-02   5.9509837e-01   7.1354966e-02  -1.2964731e-01  -1.4426477e-01   1.9015752e-01   8.8113247e-02   2.9701737e-01   6.7082622e-02  -3.5461901e-01   1.8199671e-01   3.3561020e-01
   2.1777522e-02   3.5326466e-01  -1.4282043e-01   2.1386608e-01   1.6880082e-01  -1.6030498e-01   8.7616217e-02  -2.6168680e-01   2.3034276e-01  -3.0829679e-02   3.2175738e-01  -1.2960843e-01  -1.3447994e-01   2.6276767e-02   2.9814653e-04  -1.6531649e-01  -2.7266646e-01   3.4710621e-01   4.2836791e-01   2.8191719e-01
   1.5212592e-01   5.5180181e-02   4.5040509e-01  -2.0150235e-01   4.8286689e-01  -1.1867933e-01   7.2216915e-03   3.0325343e-01   4.7421649e-02   2.8955328e-01  -1.9966939e-01   3.9967247e-02  -8.9738057e-02  -1.9979731e-01  -1.5480225e-01   9.9185315e-02  -3.9289312e-01   6.7269589e-02   9.7802917e-02  -1.1532899e-01
   5.1019168e-02   1.8826076e-01   2.0367882e-01   5.2223816e-02  -7.6892833e-02   2.1009302e-01  -1.4625394e-02  -1.4620772e-01   1.4857161e-01   1.4074918e-01  -3.4857499e-01   3.1321895e-01  -2.9795184e-01   7.4594064e-02   6.7455115e-01  -7.9870926e-02   7.7062858e-02   1.5065628e-01  -1.3563416e-02   6.9075208e-03
  -1.0444018e-01  -1.5181330e-01  -1.7515611e-01  -3.0612869e-01   1.5943664e-01  -2.8574962e-01   3.7505943e-01   1.1402729e-01   2.5072017e-01  -1.0922126e-01  -3.8582640e-01  -8.9845518e-02   9.0765154e-03   1.3387043e-01   6.0619412e-03  -5.1316001e-01   1.2132796e-01  -7.8724077e-02  -3.4957468e-02   2.1370103e-01
  -2.2951634e-01   6.7566668e-02   5.2743114e-01   2.0457482e-01   6.0626561e-02   2.5781464e-01  -2.3384437e-01  -8.0410564e-02   2.7930188e-01   1.4191848e-01   1.6355479e-01   1.7596725e-01  -1.7440681e-01  -2.4796623e-01  -1.8276263e-02   8.1539016e-02   1.8864246e-01   9.2223858e-02   7.7634974e-02   4.3192413e-01
  -3.1165375e-01  -7.7321720e-02  -1.7803398e-01  -5.7273614e-03   5.3975628e-01  -1.9511234e-01   1.9254363e-01   1.2622136e-01  -3.5445502e-01   7.6304234e-02   1.0849836e-01  -9.8431711e-02  -2.0783984e-01  -5.4196748e-02   9.2306293e-02   3.7117372e-01   2.7261544e-01   2.3515261e-01  -2.8101325e-03   8.8224458e-02
   3.5266315e-01   1.4166075e-01  -3.7224608e-01   8.8720922e-02  -2.2368052e-01   8.0461202e-02  -1.2508524e-01  -3.0583138e-01  -8.4060899e-02   5.8023191e-02   3.5651172e-02   3.7637909e-01  -1.6453692e-01  -1.6701597e-01  -1.1824084e-01   1.2202677e-01   4.6512261e-01   2.6200540e-01   6.2548394e-03  -1.4562946e-01
   4.3864302e-01  -3.7823867e-01   3.6900954e-01  -1.8533597e-01  -2.5608960e-02  -2.8885235e-01   3.5487625e-02  -1.4412703e-01  -1.5184198e-01   2.2983326e-01  -9.1640689e-02  -2.6327736e-01  -4.0266246e-02  -2.8906544e-01   8.5070188e-02  -2.6151252e-02   1.2155735e-01   7.9978311e-03   3.5422056e-01  -2.9684841e-02
   6.3618203e-02  -3.6914905e-01  -1.9182841e-01   2.6368289e-02   8.7172342e-02  -1.8576831e-01   4.1323498e-01  -7.7772515e-02   5.9926158e-01   1.4572447e-01  -1.2417421e-02   1.2320748e-01  -9.8542148e-02   1.8716929e-01  -3.3412042e-01   7.9853816e-02   6.9206896e-02  -1.0272589e-01  -6.2335947e-03   1.7159922e-01
   2.7828673e-01   1.0227888e-03   2.1666228e-01   4.2847617e-01   2.6989057e-01   2.5021343e-01   9.9779830e-02  -6.8601931e-02  -2.0933156e-02  -2.5753596e-01   1.4378632e-01  -2.5197917e-01  -3.5500193e-01   1.0450974e-01  -1.2977254e-01   2.8869627e-02   8.4392978e-02  -2.7840002e-01  -1.2667282e-01  -3.6835092e-01
  -3.3175073e-02   1.1855418e-01   3.4477254e-02  -9.3721966e-02   8.5939732e-02   7.2822139e-02   1.6093501e-01  -2.1070305e-01   6.3581325e-02   1.4019632e-01   3.6795275e-01  -2.5152189e-01   3.5652681e-01  -3.8959109e-01  -4.0991093e-01   3.1834517e-02  -2.0971191e-01   2.8845277e-01  -2.3658553e-01  -1.9608009e-01
  -4.2552012e-02   4.3397933e-01   5.2986870e-02   2.5619038e-01   3.1023152e-03  -1.7889224e-01   6.7529465e-02  -7.4918131e-02   1.7105547e-01   3.7296619e-01  -8.8419757e-03  -9.7222285e-02   3.9142271e-01   1.6437262e-01   1.9575946e-01   3.0074198e-01   2.0477112e-01  -2.6089407e-01   2.4059492e-01  -2.1083308e-01
  -1.2451551e-01  -1.5425783e-01   3.0122108e-01   3.6320274e-02  -3.4163159e-01  -3.2547071e-01   3.5003106e-02   3.0223629e-01  -2.0504251e-01  -1.8558688e-01   3.7172631e-01   1.6876702e-01   1.9324559e-01   1.6776821e-01  -2.6930161e-01  -2.3591158e-02   3.7670061e-01  -6.7697164e-02  -1.3480100e-01  -8.4003703e-02
  -1.7597240e-01   3.0545337e-01  -3.7422654e-02  -1.7362479e-01  -1.2462306e-01  -1.7933480e-01   8.7596930e-02  -7.3401016e-02  -6.8938227e-02  -3.2283639e-01  -2.2005874e-01  -2.1959010e-02  -1.8834117e-01  -3.9572037e-01  -3.7175735e-01   2.3211763e-01  -3.7189397e-02  -4.3703693e-01   1.9799996e-01   9.9054613e-02
   1.0849829e-01   9.0684850e-02   2.3134025e-01   3.3112346e-01  -9.6046380e-02  -5.2878648e-02   6.3439017e-01  -8.2336702e-02  -1.8667546e-01  -1.4744109e-01  -1.9558003e-01   3.4197940e-01   1.0364011e-01  -1.3557566e-01   2.2034261e-01   3.1092489e-02  -2.1410749e-01   1.8423816e-01  -1.0315866e-01   1.2139572e-01
  -3.0981797e-01  -1.6445695e-01  -3.1365386e-02   7.4597822e-02  -3.6006250e-01   8.8732907e-02   9.8337733e-02  -2.9873920e-01   1.0640434e-01  -1.8340976e-01  -2.8791008e-01  -5.0711400e-01   4.2458500e-02  -1.2184171e-02   1.7949945e-01   2.5069585e-02   3.5944037e-01   1.2246399e-01  -2.6098195e-01   4.3130195e-02
   1.0027430e-01   5.4542187e-02   4.3697281e-02   1.9202317e-01   4.6196263e-01  -3.0122765e-01  -2.8902181e-01  -2.0793327e-01  -2.3482253e-02  -2.3742455e-01  -3.4357406e-01   4.8858990e-02   3.6187215e-01   4.3561138e-02  -2.2737090e-01  -2.8295991e-01   1.6320694e-01   5.5981258e-02  -1.1951630e-01   1.7677912e-01
  -2.5852290e-01  -2.8398638e-01   8.8234804e-02   2.6448985e-01  -6.1819813e-02   9.9926316e-02  -1.6164253e-01   2.2256144e-01  -6.0511078e-02   2.5895839e-01  -4.9986552e-01   1.4349948e-01  -3.7088423e-03  -9.4430155e-02  -3.1010489e-01   1.6270012e-01  -1.2781183e-01   1.3622019e-01   4.5174970e-02  -4.1908243e-01
  -7.8415803e-02   1.2335228e-01   3.2371826e-01  -4.8900699e-01   1.5687784e-01   1.0085953e-01   1.0370447e-01  -1.4081859e-01   2.1847318e-01  -3.2433563e-01  -1.1963249e-01   1.6550958e-01  -2.9689030e-03   2.7845904e-01   1.3086412e-02   1.2646845e-01   1.0102767e-01   3.1659902e-01   2.1976592e-01  -3.4966296e-01
   1.6770012e-01   1.1058141e-01   1.0162730e-01   1.0152199e-01  -1.5578614e-01  -4.8799338e-01  -3.1302885e-01  -2.9015452e-02   1.6705599e-01  -8.9873394e-02   2.6044375e-02  -1.1553765e-01  -2.5163817e-01   1.3651449e-01   4.9729554e-02   4.3153528e-01  -3.3730913e-01   2.6740845e-01  -2.6608063e-01   3.2066562e-02
   2.8482038e-01   3.3849858e-01  -1.6415419e-02   3.3687820e-02  -6.2527677e-02   1.0159356e-01   1.4607509e-01   6.1023798e-01   1.3423173e-01  -1.1549016e-02  -1.9269230e-01  -3.1747986e-01  -3.4147562e-02  -1.7133124e-03  -1.9898277e-01  -9.0190160e-02   1.8274637e-01   3.2979060e-01   1.1590154e-01   1.8538737e-01
   2.7081031e-01  -8.8557778e-02   1.1064716e-01  -2.1870815e-01  -4.4556315e-03   3.7806218e-01  -2.3558544e-02  -5.0319665e-02  -2.7783367e-01   9.9356592e-02  -1.4988323e-01  -9.7705099e-03   2.4506114e-01   2.7925275e-01  -1.9156863e-01   4.9656473e-01   4.0331077e-03  -1.6221086e-01  -2.3195233e-01   3.1880863e-01
  -4.4990625e-02  -1.9122685e-01  -1.7092836e-01   3.2440184e-01  -1.0787704e-01   1.1189171e-01  -6.5263170e-02  -1.3689282e-01  -9.9615119e-02  -3.1287946e-01   2.0787938e-01  -1.3836208e-01   1.8573727e-01   1.7702143e-01  -1.3919631e-01   1.5085506e-01  -1.9006655e-01   2.0988406e-01   6.2896194e-01   1.6089372e-01
  -1.6473400e-01   2.5540738e-01   1.2027564e-01  -7.1947720e-03  -1.1692932e-01  -8.6968821e-02   1.2076073e-01  -3.2042306e-01  -3.0891105e-01   3.6453314e-01  -4.5328643e-02  -1.0073640e-01  -3.2596882e-01   4.2401204e-01  -3.1213561e-01  -3.1477732e-01  -7.9608633e-02   1.0523509e-01   6.4284101e-02   1.0004502e-01
  -3.4082381e-01  -4.5485374e-02   4.7166358e-01  -1.5121622e-01   3.8057584e-02  -7.7539951e-02   1.1480586e-02   1.1576292e-01   1.8009326e-01   4.0026316e-01  -1.7870203e-01  -2.8699856e-01   1.4395187e-02   3.0320746e-01   2.8770053e-01  -1.0051600e-01  -6.9283069e-02  -1.6918689e-01  -2.1964240e-01  -2.0448158e-01
  -2.6734252e-02  -4.9928077e-02  -2.5173176e-01  -2.9194191e-01   3.0370286e-01   1.7827532e-01   1.8304820e-01  -4.5909207e-01   3.6179446e-02  -1.1709674e-01   2.8224097e-01  -2.6601617e-01  -2.3244887e-02   2.4379700e-01  -1.3058593e-01  -7.1790153e-02  -4.2330719e-01   9.5909181e-03  -6.8717867e-02  -2.1970831e-01
  -2.9864762e-02   4.6101355e-02  -4.6013846e-01  -1.8041511e-01   4.4799479e-03  -3.2037702e-01   2.0605016e-01   4.9043388e-01  -1.4431910e-01   6.6999128e-02   1.6259722e-01   1.5056847e-01  -3.5658688e-01   1.6203360e-02   9.9556054e-02  -6.5176866e-02  -5.0317825e-02  -2.4686379e-01  -2.0784068e-01  -2.1068705e-01
   1.5467503e-01   1.9169103e-01   2.2746122e-01  -3.1641900e-01   2.1775838e-01  -1.3878576e-01   1.6919089e-01  -4.1690006e-01   2.3031927e-01   1.5293809e-01   1.0940799e-01   5.0632768e-01  -1.8207235e-01  -1.4584422e-01   1.2407255e-01   2.7987371e-02   2.5545615e-01  -1.3689594e-01  -1.0374698e-01   9.0688352e-02
   1.6695038e-01  -1.9648687e-01  -2.1201388e-01  -3.7778870e-01  -1.7725389e-01  -1.2362334e-01  -3.4180459e-01  -6.3348268e-02   6.4356868e-02   1.1529284e-01   1.8650968e-01  -3.3526804e-01   1.7696533e-01  -2.0219464e-01   9.5217184e-02  -1.2918342e-01   2.9321029e-01   2.0027289e-01  -3.9788783e-01   1.7699200e-01
  -5.5470417e-02   2.8966355e-01  -1.7270374e-01   1.7050524e-01   2.7104202e-01   1.2038999e-01  -1.2024525e-01  -9.8586552e-02  -1.8803211e-02  -1.8670060e-01  -3.2401141e-01  -9.9340524e-02  -2.1044702e-02   6.6047924e-02  -1.3921821e-01  -5.5098718e-01   4.1758532e-01  -2.1520764e-01  -1.5871890e-01  -1.3514354e-01
   4.5242127e-02  -9.3860665e-02  -1.5249514e-01   9.6643736e-02  -2.5133414e-01  -3.0861734e-03  -2.1897700e-01  -1.6838450e-01   2.9231283e-01  -9.3254271e-02   1.6286874e-01  -2.2173371e-02  -1.0607210e-01  -4.7624052e-02   5.1324559e-01  -1.6214350e-01   7.6881643e-02  -1.2178067e-01   4.7648848e-01  -3.8064602e-01
  -1.4153476e-01  -1.4097521e-01   2.6589301e-01   5.4267533e-02  -7.4025003e-02   3.6394665e-02   2.6698403e-01   3.3498658e-02  -3.0632186e-01  -2.6337995e-01   2.5241850e-01   2.4457379e-01   9.3025831e-02  -7.0850041e-03   2.5672191e-01  -4.7039168e-01   1.0768409e-02   4.3279661e-01  -1.6735719e-01  -9.5883531e-02
  -1.5079070e-01  -2.2529521e-01  -1.3055843e-01   1.3335027e-01   6.0672625e-01   2.3461126e-01  -2.5839428e-01   1.4331686e-01   8.4916695e-02  -8.2859131e-02  -7.6161043e-02   1.5783330e-01   3.8248286e-02  -2.1978433e-01   3.4970293e-01   2.9767930e-01  -2.6506166e-02   1.3767210e-01  -2.1280080e-01  -1.0396165e-01
  -1.5714610e-01  -3.3013428e-01  -3.0166112e-03   2.1615760e-01  -6.5103458e-02  -1.1646643e-01  -1.0325004e-02  -6.0313579e-02   1.0754564e-01   8.2211213e-02   2.9898211e-01   2.2198118e-01   3.3098484e-01   1.3676955e-01  -4.1272999e-01   1.6310259e-01   3.1121273e-01  -1.4885457e-01  -1.3601063e-01  -4.2229139e-01
  -5.3729456e-01   2.2594185e-01  -1.0690313e-01  -2.8881092e-01  -8.2201067e-02   7.5787781e-02   8.4317391e-03  -1.5413278e-01  -4.6407212e-01   2.8520406e-02   1.0679108e-02  -1.0398193e-02   3.0841151e-01  -2.7791038e-01   1.2239771e-01   1.6847032e-01   1.1289204e-01  -2.2142884e-01   1.8630320e-01  -2.2315337e-02
   1.9583313e-01  -1.4082545e-01  -7.5763705e-03  -7.8359580e-02  -1.4414936e-01   3.3361364e-01   4.6984948e-02   3.3943431e-02  -1.3846512e-01  -3.0619120e-01   4.8636937e-02   7.6297491e-02   9.1656202e-02   5.1502031e-01   2.9427421e-01   1.9923633e-01   1.9113788e-01  -3.8685584e-01  -1.6181551e-01   2.5837186e-01
  -1.9050077e-01   8.6135741e-02  -7.8291051e-02   1.1160780e-01  -3.1787712e-01   2.5841703e-01   3.9459014e-01  -1.3151557e-01   1.7921802e-01  -1.0317284e-01  -1.2714265e-01  -2.2311573e-01  -3.6999164e-01  -1.4373365e-01   2.2512595e-02   3.2778456e-01   2.7167454e-01   2.3021126e-01  -2.6421609e-01  -1.6141440e-01
  -1.4762650e-01   3.9234428e-02  -1.7176396e-01  -4.8091440e-01  -2.5030986e-02   2.9412368e-01   3.5286047e-02   3.0799204e-01   3.3783360e-01   3.2834968e-02  -1.6024846e-01   2.5407546e-01   1.4344527e-01   2.4841003e-01  -1.4930514e-01  -7.8490321e-02   1.4773907e-01   3.4051620e-01   2.7957196e-01  -2.2957460e-02
   1.9813560e-01  -3.3818866e-02  -3.7742369e-02  -6.1164545e-02  -1.5598906e-01   2.4521660e-02   3.3014035e-01   7.6053955e-02   3.0361912e-01  -1.8653751e-01  -2.9227060e-01   5.5514209e-02   4.8773398e-01  -3.7309787e-01   6.1962395e-02  -1.0194519e-01  -2.9484659e-01  -2.6481583e-01  -1.9274199e-01  -1.1707883e-01
  -2.7310976e-02  -7.2059320e-01   5.9130380e-02  -1.7341977e-01   5.4484964e-02   1.5652710e-01   1.4767017e-01  -4.8466301e-02  -1.5843977e-01   7.7124702e-02  -2.3933519e-01  -2.8131812e-02  -3.0091571e-01  -2.3285288e-01  -1.6014791e-01  -1.8391289e-01   9.8732202e-02  -2.0886470e-01   2.0351059e-01   8.1539672e-02
   2.9264764e-01  -4.7686294e-02  -3.2284932e-01   1.9930499e-01   4.9041551e-02   3.0619183e-02   2.9060182e-01  -1.8040835e-01  -2.5532384e-01   5.7460544e-01  -2.3848903e-01   4.1530839e-02   2.2775738e-01   1.7064350e-01   2.3156507e-01   2.2448873e-03   9.4179067e-02   2.0150110e-01   6.0800578e-02  -7.7700528e-02
  -1.8044589e-01   7.0907803e-02  -9.8517218e-02   2.7645130e-01   2.6285618e-02   4.0508856e-01   1.6182895e-01   1.4034980e-01   2.4807801e-01   3.4605696e-01   4.6526854e-01  -4.2083857e-02   3.3186866e-02  -1.5843308e-01   2.6576553e-03  -2.3581743e-01  -1.8503663e-02  -1.9069513e-01   7.9732043e-03   3.8402101e-01
   4.5793258e-01   1.7828184e-01   3.1424111e-01  -1.6169199e-01   1.7723271e-01   3.0944870e-01   7.3270932e-02   2.9547964e-01  -1.9171653e-01   5.7880729e-02   2.3785642e-01  -2.5132954e-01   2.7073360e-02  -1.9292119e-01  -6.5577629e-02   8.7672443e-02   1.9574669e-01  -3.7868973e-02   1.3531189e-01  -3.8200602e-01
  -6.9409459e-02  -7.9373717e-02  -1.3781729e-02   3.5365432e-02   3.4924752e-01  -4.2937201e-01   4.1455214e-01   9.6777856e-02   1.6813169e-01  -2.4093337e-01   8.8548831e-02  -3.4678586e-01   1.8203840e-01   5.3033461e-02   1.1253009e-01   8.6388382e-02   3.0848840e-01   4.6188122e-02   2.8501808e-01   2.2551980e-01
  -3.4143930e-01   1.3166156e-01  -3.8702384e-02  -1.8563899e-01  -1.2019703e-01   5.0828375e-02   2.0072227e-02  -2.9953775e-01   2.0368440e-01  -3.5065418e-01  -2.6846243e-01  -1.2270549e-01   2.2630093e-01   8.4319970e-02   1.1789966e-01  -7.3776229e-03   1.9092451e-01  -3.7657202e-01   3.3963828e-01   3.2481406e-01
  -2.2930271e-01  -2.6354853e-02   2.1863580e-01  -2.2937992e-01  -2.1444468e-02   6.7633441e-01   1.9596930e-01   4.2955215e-01   1.1847593e-01  -3.7703850e-02  -1.1206440e-01  -5.3467567e-03   1.1003470e-01   1.0478957e-01  -1.0242036e-01   2.5150933e-02   1.7090191e-01   1.3658247e-01  -2.3180052e-01  -4.0644343e-02
  -1.3225820e-01  -3.8108760e-01   1.0252000e-01  -9.5394788e-03  -5.1181980e-02   5.2075997e-02  -4.9038743e-01   2.7717715e-01  -1.9944281e-01  -9.9228049e-02  -9.5825749e-02   5.8677157e-02   1.8443253e-01  -3.0912538e-02   1.2007421e-01   1.0638034e-01  -5.3903429e-01  -4.0506368e-02   5.4593967e-02   2.9309752e-01
   1.3829475e-01   1.7221962e-01   1.9078724e-01  -1.2470506e-01  -3.6577745e-01  -1.3327132e-01  -1.6781379e-01   1.5365231e-01  -2.0241038e-01   4.5167546e-02   2.5155175e-01   3.1677078e-01   4.2573856e-01  -1.8001182e-01  -9.9490721e-02  -1.2497886e-01   3.7946674e-01   2.0078500e-01   2.2163776e-01   1.2922175e-01
  -5.8825206e-02  -3.5750563e-03  -4.1753981e-01  -3.9409857e-01   2.5489388e-01  -1.1749809e-01  -4.4515687e-01   1.1335053e-01   3.5742006e-01  -8.9990311e-02   1.0344360e-01   4.4709355e-02   1.6735476e-01  -6.1759745e-02  -2.7074800e-01  -9.5121687e-02   5.3358514e-02  -7.2419274e-02  -1.2110233e-01  -3.0266343e-01
   3.8390648e-01  -1.2370421e-01   1.8655228e-02  -9.5392376e-02  -2.3156275e-04  -1.0769063e-01   3.4249100e-01   1.7887401e-01   1.1112021e-01   1.1342724e-01  -2.4946833e-01   4.4691154e-01   2.3637069e-01   1.3832581e-01  -5.0012042e-02   1.8716962e-01  -1.3507444e-01  -4.7505266e-01   6.3744517e-02  -1.3882335e-01
  -2.1534354e-01   2.0725410e-01   3.4003969e-01   2.9168276e-01   5.0846965e-01   6.3129447e-02  -8.3211570e-02  -8.4293159e-02  -2.2873225e-01  -1.1346043e-01  -4.8230396e-02   2.1632774e-01   1.8615471e-01  -3.2686205e-01   2.7711822e-02  -1.8739747e-01   4.3066928e-02  -2.8278286e-01  -1.3956711e-01  -2.0104046e-01
  -7.9065546e-02  -5.6418823e-01   5.4556140e-02   7.6518238e-03   1.0049478e-02   1.3881209e-01   4.7111552e-02  -3.1722829e-01  -7.3147880e-02   4.1981670e-02  -8.3876799e-02   1.8839504e-01  -1.8841039e-01  -1.1745929e-01  -5.9210677e-01  -2.0571852e-01   1.0511580e-01   1.8923507e-02   2.1144845e-01   4.7091648e-02
  -4.7562585e-02  -3.5931705e-01  -5.0584280e-02   2.2399249e-01   7.7216114e-02  -3.1365278e-01   1.3542451e-01   5.1894928e-01   2.4876391e-02  -3.1857266e-01  -2.4000695e-02  -1.1162212e-01  -1.1362917e-01   8.1339907e-02   1.9166510e-01  -3.6251453e-01   3.1784499e-01  -4.6033120e-02   1.2539452e-01  -4.7094164e-02
   1.6411147e-01   8.9381243e-02  -1.2392726e-01   2.4608197e-01   2.8019080e-01  -3.5142948e-02  -1.6850103e-01   3.9170096e-02   6.9116412e-02  -2.6384117e-01  -3.1482495e-01   2.9234830e-01  -1.1023391e-01   6.8096203e-02  -1.1845666e-01   4.3703624e-01   2.9034183e-01   3.0660097e-01  -9.3202563e-02   3.3423538e-01
   4.3601575e-01  -3.5113292e-02   5.8522022e-02  -1.2550788e-02  -8.8750645e-02   2.8213215e-01  -1.8801637e-01  -1.3452349e-01   3.8740507e-01  -1.4987945e-02  -2.0529822e-01   1.5543998e-01  -1.5148350e-01  -2.8855492e-01   3.7495434e-01  -4.3226059e-01  -2.1429731e-02   6.3087305e-02  -4.8736398e-02   8.4089874e-02
   3.8604446e-01   8.6335238e-02   4.2577895e-02   2.6440385e-01  -1.3225749e-01   2.5468614e-01  -3.6043824e-01   1.2774755e-01  -1.3195200e-01   2.9378676e-02  -1.1239665e-01  -4.6517603e-01  -3.0820990e-02   3.3445859e-02  -2.5002671e-01   1.1801677e-01   2.0005391e-01  -3.5446676e-01   1.5808911e-01  -1.6350817e-01
  -1.5224907e-01  -1.6108180e-01  -2.3352754e-01   1.2206638e-01  -4.5498162e-01   5.0819627e-02   3.6044990e-02  -1.7821255e-02  -3.0587255e-02  -2.2124695e-01   1.7061244e-01   1.4927847e-01  -1.5273040e-01  -4.4710933e-01   8.8619868e-02   3.0155602e-01   1.3918401e-01  -2.7882821e-01  -3.7814753e-01  -8.2556664e-02
   1.8267779e-01   3.3444363e-01  -4.3097723e-02  -3.2187741e-01   1.1192509e-01   2.6495566e-02   1.9349121e-01   2.5318803e-01  -1.9649151e-01  -3.3140904e-01   1.2882386e-01  -1.1574355e-02  -3.8455124e-01  -2.7803339e-01  -2.4936748e-01  -1.0231934e-01  -2.4639644e-01  -1.3007048e-01   1.3458471e-01   2.7530517e-01
   2.7921389e-02  -1.3207077e-01   5.3808592e-01  -2.7296194e-01   8.6069057e-02  -4.9509278e-02  -1.9338006e-01  -7.9878038e-02   1.5408425e-01  -1.7780090e-01   3.0398161e-01   1.0598069e-01  -3.5387650e-01   1.3440518e-01   1.8977256e-01   3.3247885e-01   1.2623624e-01  -5.8094800e-02   2.0407458e-01  -2.3302279e-01
  -1.7353094e-01   2.6591248e-01   5.9562620e-02   4.5816233e-01  -2.8356268e-01   4.1312663e-02  -1.3706550e-02   9.0810187e-02   3.9619171e-01  -2.4254036e-01   9.3329338e-02   2.1354598e-01  -3.9242770e-02   1.2548646e-01  -2.5487657e-01  -7.0477127e-02  -3.4565092e-01   1.1402597e-01   2.3439026e-01  -2.2456867e-01
   2.6701756e-01  -5.3522843e-02   7.8673069e-03  -5.7333045e-02  -1.0450472e-01   6.6277306e-02  -8.3303007e-03  -2.8014636e-01  -2.8470380e-01  -5.4446035e-01   1.1431172e-01   4.1910591e-02   1.5794800e-01   4.6097552e-01  -4.5550295e-02  -2.1498229e-01  -7.0547305e-02   2.8517681e-02  -3.6895902e-01  -9.2986593e-02
  -8.1219119e-02   8.5354339e-02   2.6898682e-01   7.1769917e-02  -7.7131381e-02  -2.1126220e-01  -1.4591410e-01   7.2267174e-02   2.4445182e-01   2.5382499e-01   1.4526457e-01   3.3647633e-02  -1.6903576e-01   2.4570013e-01  -2.1633241e-01  -1.8782963e-01   7.6479009e-02  -3.2621506e-01  -4.4216342e-01   4.5420912e-01
   8.2414790e-02  -9.8815670e-02  -3.1070087e-01   2.2181260e-01   2.7374417e-01   3.9133582e-01   4.8657459e-02  -1.5831106e-02   5.5228977e-02   7.6041770e-02   6.2240975e-01   1.3784624e-01   1.0106766e-01   1.5002636e-01   1.4862780e-01   1.9615567e-02   5.0485917e-02  -1.6547594e-01   2.0456218e-01   2.5457256e-01
  -2.2424875e-01   1.9711440e-01  -2.6252154e-01  -7.9805793e-02  -1.2677257e-01   1.3103640e-01  -2.3642232e-01   6.6932267e-02  -3.5910364e-01   2.0019461e-01  -1.9431608e-01   3.9684932e-01  -3.9586662e-01   3.2083330e-01   1.6816593e-01  -1.6990216e-01   1.0544250e-01  -1.2221865e-01   1.1373358e-01  -1.4795755e-01
  -1.2508216e-01  -3.1390980e-01  -3.3126777e-01   7.1495479e-02  -1.1470168e-01  -1.4018295e-01   8.8830268e-02  -6.6487003e-01  -2.0660094e-02   9.3161919e-02  -1.9312784e-01  -1.6194647e-01   2.2332669e-01  -2.0323517e-01  -1.2323665e-01  -1.8360729e-01  -6.7028804e-03  -8.7596834e-02  -2.4785341e-01   7.9722843e-02
  -7.0727329e-02  -2.4228344e-02  -2.9850381e-01  -3.7591416e-01   2.4665924e-01   7.4687468e-02   3.2814000e-01   1.9169234e-02   4.4158690e-01   1.9214332e-02   2.8129134e-01  -2.8540793e-01   2.8610467e-02   2.8523468e-01  -1.1548668e-01   3.5064301e-02   3.6251129e-01   3.4754439e-03   3.7143858e-02   6.3493319e-02
  -1.3708563e-01   4.0026790e-02   5.2547760e-02  -2.9584239e-02  -4.1844095e-01  -1.2405381e-01   3.4895428e-01   2.8817439e-01   1.2527346e-02  -1.3404013e-01   1.6736566e-01   8.9094570e-02   2.9986124e-02  -7.7135143e-02   2.2576536e-01  -2.7999669e-01   5.3782535e-02   2.4323728e-01  -4.9201024e-01   2.9368725e-01
   1.2413460e-01   6.1880836e-02   3.3613823e-01  -3.7853928e-01   2.4446826e-01   8.5359803e-02  -2.4174839e-01  -2.1215443e-01  -1.6724036e-01  -3.4732064e-01  -9.6112919e-02  -2.1665014e-01   1.6470331e-01  -1.8862012e-01   1.4074658e-02   1.3236862e-01   1.8705460e-01   4.0344699e-01  -1.5955998e-01   2.1344589e-01
   3.7342413e-01  -4.6971877e-02   1.4393251e-01  -2.3036326e-01  -2.0277025e-01   1.1484473e-01  -1.7536546e-01  -1.7149063e-01   4.3363126e-01   1.8019954e-01   3.4154942e-02   2.4305796e-01   1.2207829e-01   6.3125484e-02   1.3543951e-02  -4.3782015e-01  -1.1522852e-01   2.8599816e-01   7.2308218e-02  -2.7979728e-01
   2.5033236e-01   1.6556809e-01  -5.8874657e-02   2.3336246e-02  -3.5936791e-02   3.9805056e-01   5.3139807e-01  -1.9053305e-01  -4.1528559e-02  -4.4876373e-01  -1.4894694e-01   1.2027411e-01  -1.1445519e-01  -1.5310691e-01  -1.0736644e-03  -1.3371923e-01  -1.1524683e-01  -1.0928409e-01   3.1188475e-01   1.0393488e-01
   2.5687551e-01   4.5987256e-01   3.1405565e-02  -4.8080879e-02  -1.2042690e-01  -1.5130915e-02   1.0827752e-02   4.3479562e-02   1.3280684e-01   1.2729931e-01  -1.5527294e-01  -3.5979452e-01  -4.1839978e-02  -3.3887449e-01   1.8183623e-01   2.2812994e-02   2.1359846e-01  -3.6794479e-01  -2.7282706e-01  -3.3087256e-01
   5.0374320e-02  -4.4444356e-01   5.4624573e-02  -7.2572862e-02   8.7684996e-02   1.2985226e-01  -5.5706210e-02   2.8348127e-01   1.5684994e-01  -3.8057557e-01  -1.5495522e-01  -1.2246972e-01  -1.9857989e-01   8.6358975e-03  -3.3811301e-01  -5.0911727e-02  -2.5572899e-01  -1.8245599e-01  -3.9597500e-01  -2.5161940e-01
  -2.1792873e-01   5.6524239e-02  -2.1943316e-01  -1.4499222e-01  -2.5171626e-01   8.2866549e-02  -3.9380418e-01  -1.5214397e-01   8.5773750e-02  -2.6041006e-01  -2.4945445e-01  -7.3621919e-02  -4.1468910e-01   3.4887800e-01   4.0073922e-01  -1.0073484e-01   6.7439492e-02  -8.3085822e-02   4.1263884e-02   1.0623717e-01
   3.4012368e-01   9.0510452e-02  -3.5588472e-01   1.4318768e-01   1.6313633e-01  -3.7819543e-01  -1.1115064e-01   7.8378067e-02  -6.6551876e-02  -1.0712809e-01   2.3766620e-01  -3.7057240e-01  -2.7620588e-01  -1.3256262e-01  -8.4671584e-03  -2.4629731e-01  -2.8103129e-01   2.7361941e-01   1.2540523e-01   8.3308660e-02
  -2.0184176e-01  -4.5559296e-02  -1.4020561e-02   3.4186969e-01  -2.3977323e-01  -3.6120247e-02  -3.2014572e-02   1.3720828e-01   3.5411123e-01  -3.3107829e-01  -1.1366769e-01  -3.0547609e-01   4.4468705e-01  -6.9775117e-02   1.1287208e-01   1.8640750e-01  -3.4479304e-02   2.2712480e-01   2.8733732e-01  -1.8649950e-01
  -1.9310164e-01   8.8589467e-02   2.3483792e-01   1.5625184e-01  -1.3810352e-01   7.8210115e-02   2.6690961e-01  -1.9075612e-01  -2.4165676e-01   1.2074021e-01  -5.2420783e-02  -2.8419552e-01  -3.4963386e-01   2.5446014e-01  -2.1721555e-01  -4.8229299e-02   1.0892179e-01   4.0647619e-01  -2.4325852e-02  -4.1449952e-01
   1.7646608e-01  -8.2240415e-03  -2.4802491e-01   1.0645717e-01  -1.2411325e-01  -1.8192502e-03   1.0430749e-02  -9.7950797e-03   3.0775107e-01   1.1786096e-01  -2.4003724e-01   2.7955868e-01  -3.4646306e-01  -2.2243018e-01  -1.6244970e-01   5.1977211e-01   1.2906483e-01   3.4896975e-01  -1.2550749e-01   1.2531184e-01
  -6.1587267e-03  -2.7293500e-01   4.6318973e-02  -3.2788305e-02   3.5107314e-01   1.3763688e-01   2.6660562e-01   7.0210512e-03   5.7401017e-02   2.7425822e-01  -1.7491768e-01  -1.2255929e-01  -5.6829780e-02  -2.7171326e-02   6.4965495e-01   1.2475879e-01  -3.2972950e-01   1.5168741e-01  -8.2534913e-02  -6.8320286e-02
   3.6247759e-01  -2.4733925e-02   1.6951457e-01   8.8257380e-02  -2.0223437e-01  -1.8371421e-01   8.1602010e-02  -3.3660912e-01   2.7223189e-02  -1.8756310e-01   3.7520259e-01  -1.3842900e-02   3.9754977e-02   3.8954689e-01   1.2823370e-01   4.3569653e-01  -1.9153223e-01  -1.5962768e-01  -1.9433301e-01  -2.0887756e-02
  -3.2434468e-02   4.2888104e-02   3.6429800e-01  -1.1765662e-01  -2.3866505e-01   3.9158178e-03   3.4483785e-02   2.5378059e-02   2.1968894e-01   2.9552068e-01  -1.6846437e-01  -3.7374172e-01  -1.0176237e-01   2.0078924e-02  -2.4023031e-01   3.0132386e-02  -3.3610568e-01  -1.2633741e-01   1.6905867e-01   5.1107520e-01
   9.0334855e-03   3.6940579e-01  -3.8233035e-01   1.9321319e-02  -2.3726397e-02   4.8796493e-01  -1.2793332e-01   7.7497730e-02  -1.4802767e-01   1.2357011e-01  -1.9374125e-02  -7.6092206e-02   3.0528208e-01   2.4045484e-01  -1.4037469e-01   8.0771740e-02  -3.5733687e-01   1.4547204e-01  -2.9060658e-01   4.4345429e-02
  -5.0377151e-01   2.2865772e-01   4.5295694e-02  -1.7472854e-01   4.8561666e-02   5.2343004e-02  -6.6266631e-02  -2.3116759e-01   2.0644424e-01  -9.0299221e-02   4.3066024e-01   1.1643410e-01  -1.8897613e-01  -3.8806936e-01  -2.0407729e-02   1.0345205e-01  -3.5354304e-01  -8.3022857e-03  -2.2377622e-02  -1.6009722e-01
   1.2545868e-01  -4.1134274e-01  -9.8619998e-02  -6.6715268e-02  -3.7504332e-01   4.4856057e-01  -1.4055501e-01   7.9774859e-02  -2.4078129e-01   1.3720401e-01   3.9602112e-01  -2.2018651e-01  -8.4544684e-02  -2.7154505e-01   8.9623106e-02   1.1048823e-01   1.6066398e-01  -1.6160136e-02   1.5355789e-01  -1.6329265e-03
   9.1069991e-03   2.3221223e-02   2.0985617e-01   6.2929278e-01   2.8268971e-01   3.3358809e-01  -1.6915499e-01  -1.3097380e-01   2.8169421e-01   9.9578272e-03   2.0106381e-01  -4.1741958e-02  -1.1218840e-01   6.9628991e-03   3.7442738e-02  -2.0657816e-01   2.0729692e-01  -4.0824820e-02  -1.9467219e-01   2.4799154e-01
  -3.4980556e-01  -4.1149301e-02   3.1321205e-02  -3.0937373e-01  -9.4780601e-02  -1.3914620e-01   1.4606477e-01  -1.9583990e-01  -2.4713234e-01   3.9300847e-01  -4.7586367e-01   2.9053455e-01   2.4453318e-02  -8.1529522e-04   3.9808070e-02  -1.5480161e-01   2.0997832e-01  -1.0760146e-01  -3.1315749e-02  -2.8641469e-01
   3.6744124e-01  -2.7175136e-02  -9.2167317e-02  -5.6143238e-03   2.4791230e-01  -1.1422457e-01   4.9902829e-01  -2.6372709e-02  -9.5458095e-02  -1.9848014e-01  -2.9087972e-01  -1.1896889e-01  -3.7802562e-01  -1.7430110e-01  -2.3951474e-02  -2.7234331e-01  -1.6208977e-01  -2.7023997e-01  -1.7299736e-01   8.3419231e-02
   3.8510864e-01   2.3811704e-01   1.3804046e-01   2.1184463e-01   3.1322405e-01   3.7668327e-02   2.2690142e-02  -2.5222838e-01   1.3246453e-01   3.9560851e-01   5.7245214e-02   3.2745235e-01  -6.8577282e-02   3.0582960e-01  -2.0385134e-01  -1.7123703e-02   3.1170857e-01   8.5544941e-02  -5.9261038e-02   1.8645607e-01
   1.4566813e-02  -1.1303721e-02   1.5412020e-01   6.2713432e-02   3.1189925e-02  -3.4568628e-01   1.9165616e-01   3.0963320e-01  -3.9567431e-01  -2.7698749e-01   1.6516309e-01   3.2484330e-01   1.8280398e-01   2.3612978e-01   2.4217402e-01  -2.5033954e-01   1.2860484e-01   1.2168892e-01   2.6933309e-01   1.9604778e-01
  -2.4994417e-01  -2.6635492e-01   3.7914670e-02   2.9006518e-02  -7.5243317e-03   1.4674397e-01  -1.0809140e-01  -1.3404340e-01   4.0579434e-01  -1.7647514e-01   3.4722080e-02   2.5750355e-01  -2.0275254e-01  -1.0869865e-01  -1.7214768e-01  -6.2990123e-01  -2.6055532e-02   2.1039616e-01   1.3704920e-01   8.1693107e-02
  -1.9575726e-01   1.6008770e-01   2.1694047e-01   3.7383072e-01   2.8859124e-01   3.1678145e-01   7.3848093e-02   1.6487238e-01  -1.6180573e-02   5.2632363e-02  -8.2090748e-02  -2.5615213e-01   7.7106628e-02  -9.0659353e-02  -9.9676357e-03  -1.3048204e-01   2.0195317e-01  -3.4819140e-01   4.6385786e-01  -2.2159858e-01
   4.0235060e-03  -1.0994838e-01  -1.2759010e-01   8.0604006e-02  -4.0642291e-02  -1.9803486e-01  -3.6278293e-01   3.8013455e-01   2.9923891e-02   2.7023757e-01   5.0239902e-02  -1.0198501e-01   1.3339806e-01  -1.0886641e-01  -1.3280570e-02  -3.3015367e-01   2.1193812e-01  -4.1112266e-01  -3.6755610e-01   2.7097043e-01
  -1.9699321e-01   3.1198959e-01  -2.8751498e-02   2.6613325e-01  -1.2200968e-01  -5.1980744e-01   2.3751796e-01  -1.4552647e-02   3.3335230e-01   2.9595362e-01  -1.5088288e-02  -3.1593819e-01   1.5706845e-02   5.7018358e-02   1.2270044e-01  -1.4581294e-01  -2.2063377e-01   2.4562743e-01   5.2863528e-02  -1.0571964e-02
   2.1232553e-01  -3.9885226e-01   2.8950671e-01   1.0605987e-02  -1.2017517e-02  -5.6185381e-02  -5.5436557e-02   1.9905216e-01   1.1146718e-01   3.4785338e-01   1.1668118e-01   2.0062895e-01  -1.4866851e-01   1.7989046e-01   1.2051535e-01   4.9519610e-02  -5.1113651e-01  -2.3407845e-01   1.6580037e-01  -2.5226276e-01
  -2.0968668e-01  -7.1307029e-02  -1.5599066e-01  -7.7051798e-02   2.8860024e-02   1.8920680e-01   2.4599254e-01   1.7019353e-01   2.6044335e-02   8.4695630e-02   4.1919627e-01  -1.1088497e-01  -4.6645455e-01   2.7486748e-01   3.0232340e-01  -2.0764707e-02   3.1952211e-01   5.3092664e-02  -2.4452505e-01  -2.2141705e-01
  -1.0168095e-01   9.4832353e-02   2.5741782e-01   2.5709719e-01  -6.8696593e-02  -3.1620133e-01  -3.3784726e-01  -2.9493888e-01  -1.1379144e-01  -3.8789728e-01   5.6245424e-03  -4.9399263e-02  -2.1880162e-01   3.1260716e-01  -1.3192214e-01  -2.9365886e-02   1.9852072e-02  -2.4266000e-01  -2.2856680e-01  -3.1812581e-01
  -7.5667980e-02   4.2390705e-01  -4.6410547e-02   3.2558591e-02   1.1152528e-02   2.9633177e-01   1.7736010e-01   1.4437246e-01   4.7075151e-02  -8.6665283e-02   1.2346328e-01   3.1824080e-01   3.6300411e-01   5.8392084e-02  -4.0404683e-02  -2.0547648e-01  -3.5752178e-01  -9.5695778e-02  -4.0669199e-01  -2.5192522e-01
   4.3676912e-02   3.2707364e-01  -3.6133493e-01  -3.5260936e-01   2.7397413e-01  -7.5539711e-02  -3.2441593e-01  -1.9417990e-01   1.5686524e-01  -6.5652116e-02   3.6958922e-02   6.8982215e-02  -5.9972827e-02   1.1704139e-01   4.2419857e-01  -9.8929779e-02  -1.1120747e-01  -2.6174548e-01   2.9787169e-01   2.8732582e-02
   1.4442980e-01   1.3422734e-01  -4.5810186e-02  -2.1803515e-02  -3.7791270e-01   2.9383843e-01  -9.7887099e-02  -2.0596275e-01  -4.8996022e-01   2.2956804e-01   1.1973497e-01  -2.9333720e-01  -9.6732338e-02   1.9327968e-01  -7.5417062e-02  -3.8414329e-01  -2.1018215e-01   5.7233594e-02   1.3616639e-01   1.3520487e-01
   1.1069465e-02  -3.0675703e-01  -7.1265336e-01   3.0381904e-01  -3.0119995e-03  -4.2667276e-02   9.3653487e-02  -1.7565249e-02  -1.6474147e-02  -2.8200831e-02  -8.2561815e-02   5.3461727e-02   1.7827113e-01   3.5069263e-01  -2.6658543e-01   3.3914978e-02  -1.0312497e-02  -6.6946543e-02   1.5569636e-01  -1.6772871e-01
  -3.8669751e-01  -4.1928845e-02   6.4517439e-02  -1.5772825e-01   5.4148114e-01   3.9614452e-02  -1.2057490e-01   1.9043201e-01  -1.6718141e-01   4.7698021e-02  -1.8297946e-01  -1.7298107e-01  -7.5640598e-02   3.3978761e-01  -2.2681156e-01   5.6925766e-02  -2.9672241e-01   1.8206538e-01  -1.2242189e-01   2.6157905e-01
  -1.4562211e-01   1.0708249e-02   1.6138201e-01  -3.5880530e-01  -2.4491464e-01  -2.4685723e-02   3.4232105e-01  -8.3608299e-02   2.7553573e-01  -8.8680014e-02   1.6622349e-01  -9.2971951e-02   1.2543679e-01   3.0741629e-01  -3.0838479e-01   8.1841090e-02   6.0759909e-02  -4.4584266e-01   1.2726041e-01   2.9726831e-01
   2.9616922e-01  -2.6986818e-01   1.7539416e-01  -2.2807389e-01   1.6332704e-01   4.2118505e-02   9.8561352e-03  -1.2001699e-01   1.6213506e-01  -7.9098058e-02  -1.0646973e-01  -3.9026712e-01   4.6203141e-01   2.5412805e-01   1.8821449e-01  -2.6187658e-01   1.4752676e-01   1.8089442e-01  -1.3419775e-01  -2.5095942e-01
   2.3973233e-01   2.8112928e-01  -8.5372207e-03  -1.7642115e-01  -2.7905319e-01   5.7393777e-02  -1.4835045e-01   5.3794305e-01   1.9323301e-01  -1.0781831e-01  -4.0959415e-01   7.3933269e-03  -2.3299670e-01   2.3567339e-01  -1.7787421e-01  -2.4188732e-02   1.3015788e-01   1.5339836e-01   1.2520377e-01  -1.5733549e-01
   1.0272594e-01   9.5153419e-02  -6.2970930e-02  -3.3233377e-01   2.2170496e-01  -2.9581251e-01  -2.4837825e-02   8.7739831e-02  -1.3436906e-01   8.0082991e-02   4.2466701e-01  -7.5434198e-02  -1.8966773e-03  -2.6836896e-01  -5.0735012e-01  -1.0614074e-01   4.7027491e-02   9.1153949e-02   1.4106546e-01  -3.7335304e-01
   6.7416787e-02  -3.3023232e-01  -3.9065641e-01   6.3930710e-04  -2.1305834e-01   1.9666442e-01   3.3853854e-02   7.7899034e-02   2.9545670e-01  -1.0870131e-01  -1.9534189e-01   2.4984345e-01  -5.3750912e-02  -1.5255808e-01   1.1215893e-01   1.9074322e-01   2.2996517e-02  -5.2304172e-01  -1.6365769e-01  -2.5846040e-01
  -9.0608121e-02   1.6806555e-02   2.4962535e-01  -3.0615059e-01  -6.1729514e-02   2.0654931e-01   3.3007170e-01  -1.7760499e-02  -3.3287654e-01  -1.9030333e-02   5.8909489e-02   1.7061464e-01  -4.5163140e-02  -2.3138923e-01  -3.4613390e-01  -1.5301374e-01   2.2735473e-01  -3.0628502e-02   9.5554660e-02  -5.2480532e-01
  -1.4725772e-01  -1.7434634e-02   5.1133756e-01   2.4244003e-01  -1.2670101e-01   9.0525562e-02  -8.0306026e-02  -1.1048834e-02  -1.1952683e-01  -9.0654552e-03  -4.2563915e-01  -3.5672742e-02   2.8133680e-01  -1.7645987e-01   1.4523908e-01  -5.6493797e-02  -8.8462839e-02  -3.8933829e-01   3.3114335e-01   1.6278320e-01
   1.3431750e-01  -9.7572482e-02   4.3960363e-01   3.7565343e-01   1.2251875e-01   1.3808168e-01   2.6141715e-01   7.9959923e-02   2.4212868e-01  -9.9204045e-02   2.1130513e-01  -7.8615513e-02  -2.0218172e-01  -1.5690602e-01   1.2652798e-01   2.0043401e-01   4.4473245e-01   4.9033834e-02  -2.8054724e-01   9.6879148e-02
   2.1620035e-01   1.9728139e-01   9.7500737e-02  -1.2000978e-01  -1.9446998e-01  -3.0040032e-01  -1.0437605e-01  -2.4026261e-01   2.8127161e-01   8.7688689e-02  -1.0081455e-01   2.1552877e-01   4.0225025e-01  -2.4558886e-01   3.4541321e-01  -7.0809996e-02   1.8549251e-01   2.8885643e-01  -9.4782848e-02  -2.7759191e-01
   5.8810980e-03  -4.4358452e-01  -7.8418251e-02   2.9293691e-01   3.8499262e-02   2.1686484e-01  -6.9652291e-02  -2.7421326e-01  -4.6465575e-02   9.6208381e-02   7.8336608e-02  -2.5789081e-02   6.3260845e-02   3.0706902e-01   1.7156759e-01   1.3229354e-01   1.1521214e-01   2.7825088e-01   4.7319746e-01  -3.2344930e-01
   2.1292272e-01   2.4852631e-01  -3.5514147e-02  -8.1378191e-02  -1.2039105e-01   2.2355170e-01  -1.1601521e-01   1.1840043e-01  -7.8886735e-03   4.9709500e-02  -3.3778994e-01  -4.9381500e-01  -4.3682795e-01  -2.4756799e-01   1.8464192e-01   1.5658546e-01  -1.1833910e-01   2.0458714e-01   1.0995710e-01  -2.3218096e-01
   9.2998863e-02   2.9466061e-01   1.4088985e-01  -1.1023052e-01  -2.7161335e-01   2.7101951e-01  -3.4152543e-01  -2.9314076e-01   2.1699783e-01  -1.9272905e-01   1.8843567e-01   2.5275691e-01  -9.9284957e-02   4.6665477e-02  -3.3289039e-01   3.7141946e-01   2.3523280e-02  -1.3399376e-02   2.1251596e-01   1.8000828e-01
  -6.6634318e-02  -1.2238944e-01   2.1383033e-01   3.0148799e-01  -4.2950036e-02   1.6431319e-01  -1.9069523e-02  -4.4304253e-02   7.8923797e-02  -1.1563228e-02   5.4425551e-02   2.1053615e-01  -2.0642710e-02  -1.3896841e-01  -1.2162379e-01  -6.5452680e-02  -7.0969188e-01   2.6973852e-01  -3.2123585e-01  -2.0177538e-01
  -2.3190371e-02  -4.9240186e-02   1.8910448e-01  -3.0273902e-02  -2.0665806e-01  -7.3759439e-02  -2.7561301e-01   1.7689615e-01  -4.0542658e-01  -2.6474745e-01  -2.8355190e-01   1.7059579e-01  -7.5415351e-02   4.6101303e-01   1.1898882e-01   1.7793011e-01   1.5873830e-01   1.1326666e-01  -3.8081102e-01  -1.1793689e-01
  -1.9603768e-01   1.7710348e-01   1.4459618e-01  -9.6704299e-02   5.1636715e-01  -1.2883914e-01   2.7799318e-02  -1.2139408e-01   1.5703274e-01   2.6026704e-01  -2.4225895e-01   4.2736614e-01  -4.1654098e-01   1.3418238e-01   1.7675991e-01   1.2171831e-01  -5.0272414e-02  -9.0815314e-02   9.9332091e-02  -9.6219529e-02
   1.0619113e-01   2.9226195e-01  -8.8039620e-02   3.3193910e-01  -3.1597739e-01  -2.2774502e-01   4.5038017e-01   4.1246840e-01   1.2174766e-01  -8.9124135e-03  -9.2280731e-02   2.1115840e-01  -1.5058254e-02   2.2685121e-01  -1.2633487e-01   8.9598510e-02  -6.1468007e-02   1.0686842e-01   3.1264528e-01  -6.3729779e-02
  -2.1690407e-01   2.9739841e-01   5.2180450e-02   1.5960527e-01  -3.0849839e-04  -9.2457179e-03  -3.3625407e-01   2.2557911e-01   1.1517750e-01  -1.9609473e-01   4.5874708e-01  -8.0249687e-02  -8.3781629e-02   1.0692441e-01   2.5854764e-01  -3.1063171e-01  -2.9541269e-04  -2.7434569e-01   8.9515566e-02  -3.7228236e-01
  -4.4146209e-01  -4.2039626e-02  -1.5898497e-01  -1.0322435e-01   7.8036788e-03   2.4078980e-01  -9.4372714e-02   4.1968270e-01  -7.7812637e-02  -5.2770970e-02   7.2970209e-02   2.9047572e-01   8.1094119e-02  -3.5841118e-01   2.4940326e-01   1.3979909e-01   9.4637239e-02   3.6056597e-01   1.3964032e-01   2.2482788e-01
  -2.5119480e-01   1.9656345e-01  -1.6211897e-01   1.4169417e-01  -4.1617952e-01   6.7625521e-02   2.9490299e-01  -4.7443871e-01  -2.8418302e-01   1.0876915e-01   1.2611364e-01   5.7493123e-02  -2.5446610e-01  -1.2108286e-02   3.5622517e-01  -8.5789934e-02  -1.1063146e-03  -6.4541106e-02  -1.3045008e-01   1.7298844e-01
  -3.3384553e-01  -2.8383792e-01   1.7139228e-01  -2.3808104e-01  -3.3445306e-01  -1.8769418e-02   1.3988882e-02   1.0077981e-02   4.8816429e-01  -4.4484556e-03  -1.7834407e-01  -1.0800183e-01  -2.5046094e-01   1.9231176e-01  -9.7402114e-02  -4.0750802e-01   1.0063391e-01   1.7448412e-01   3.1827289e-02   1.0379030e-01
  -4.3858502e-01  -1.1437673e-01   1.2594024e-01  -1.3481061e-01  -1.2536243e-01  -4.4325010e-01   8.0161031e-02  -4.0447710e-02   5.1897481e-02   3.2293398e-02   1.6994755e-01  -3.0628102e-01   6.4217341e-02  -7.2469065e-02  -3.7478147e-02   5.8758155e-01  -1.3284745e-01  -7.2973323e-02  -6.5431160e-03  -1.8655552e-01
   1.9887539e-01  -2.6684191e-01   5.7402806e-02   1.4841620e-01  -2.3991723e-01  -3.4693583e-01  -3.5824858e-01   1.4386862e-01  -2.0010139e-01   4.5501833e-01   1.6775289e-01   1.7903512e-01  -3.3635316e-01  -2.6598174e-01  -1.3369701e-01  -7.0173955e-02   9.0702442e-02  -6.2313927e-02   8.5309032e-02   6.0109077e-02
  -3.2386021e-02   1.4006556e-01   1.0175635e-01  -1.1649588e-01  -1.2697437e-01   3.8723994e-01  -5.3814455e-03   2.1176498e-01   8.4160581e-02   7.1366146e-01   9.7885920e-02  -7.1069914e-02   2.5566843e-01   2.8518009e-01   2.3035326e-02   1.1227923e-01   1.7359672e-02  -9.4896793e-02  -2.0848356e-01  -2.8719314e-02
   3.7765977e-01  -2.2148738e-01   2.6510385e-01  -4.5758376e-01  -8.1303744e-02   3.7705065e-03   2.1307068e-01   1.2929756e-01  -4.7740233e-02  -1.1317427e-01   2.9323001e-01   9.3820349e-02  -7.0782989e-02   1.1702754e-01   4.1887445e-01   2.8694337e-02  -3.1543950e-01  -7.2456507e-02   1.8280492e-01   1.2993785e-01
   1.5301390e-01   7.9125463e-02  -2.7261114e-01   2.5331645e-01   1.2333232e-01  -2.1612841e-01  -2.6044367e-01   2.5355141e-01   3.0874997e-01   2.1658539e-01   1.0356040e-01  -3.3088845e-01   1.3671393e-02  -1.1948072e-01   9.9043686e-02  -4.2440785e-01   5.8670157e-02  -1.6716576e-01  -1.6503288e-01   3.3516254e-01
   2.2252388e-01  -1.2899037e-01   5.8709070e-02  -3.2174249e-01   3.2927244e-01   1.7358943e-01   1.6660217e-01  -3.5145983e-01  -6.6187049e-02   1.9042313e-02   2.8569902e-01  -4.0898397e-01   2.0872916e-01   2.0065780e-01   6.7590479e-03  -1.9998583e-01   1.8519810e-01  -1.0258493e-01  -2.4496649e-01  -2.3389854e-01
  -7.7960284e-02  -2.6811568e-01  -5.2418316e-02   5.4046135e-02   9.5370788e-02   3.8701609e-01  -5.8073647e-02   6.1180366e-01  -3.8075327e-02   3.9471311e-02   1.6390369e-01  -2.1963255e-01   5.5490650e-03  -6.8370914e-02  -3.2753878e-01   3.4323376e-02  -8.7592241e-02   3.4776298e-01  -2.4424640e-02  -2.4357840e-01
  -7.6749184e-02  -8.4204093e-02   5.2470109e-01  -2.6976877e-01  -2.8691399e-01  -4.6988065e-01  -6.4444639e-02   6.0231134e-02   3.1118108e-01   2.5086928e-01   2.3591083e-01  -1.5685376e-02   4.1567620e-03  -5.3986810e-03  -3.4915627e-02  -1.2129270e-01  -6.7983281e-02   2.4106516e-01  -4.2084528e-02  -1.7858539e-01
  -3.0118773e-01   1.8201932e-02  -1.2401840e-01  -1.1921302e-01  -2.0067601e-01  -2.5904781e-01   1.5307810e-01   1.4028690e-01  -1.3849905e-01  -2.6562066e-01   2.7246453e-01  -4.4521515e-01   6.0039301e-02  -1.1219364e-01   4.4564775e-02   2.8776275e-01   3.8012915e-01  -1.1699531e-01   2.9358794e-01   1.4600379e-01
  -6.3244621e-02   4.7181206e-02  -2.9236927e-01   8.5747188e-02  -1.6537980e-01   2.8285829e-02   1.0621272e-01  -2.5223992e-01   3.7620176e-01  -2.4861668e-01   4.3738271e-02   4.8618454e-02   3.5896675e-01   3.0535504e-01  -3.0212031e-01  -1.6938986e-01   8.5301145e-04   4.4130119e-01   1.4772566e-01   1.7785224e-01
   5.5773483e-01   1.4586953e-01  -1.0614501e-01   9.8780725e-02  -2.1579617e-01   5.9997390e-02   2.2223684e-02  -4.1730191e-02   1.7130343e-01   2.5305451e-01   1.1276045e-01   1.4351344e-02  -2.8193030e-01   7.0469082e-02  -1.4320308e-01   4.3892544e-01   4.0571687e-01   1.3503020e-01  -7.9754685e-02  -3.3329305e-02
   1.7069963e-01   8.2954813e-02  -9.5636047e-02  -1.6091974e-01  -1.3326093e-01   6.8343026e-02  -4.9670152e-01  -2.8552404e-01   1.2517556e-02  -1.9075048e-01   5.7144783e-02  -9.2727825e-02   2.2896566e-01  -6.2738438e-01  -1.3748953e-01   1.3153134e-01  -1.7967061e-01   3.1450694e-02  -2.2388106e-02  -1.1770505e-01
  -2.4695242e-02  -5.1725714e-02   1.4451067e-01  -4.5852353e-02   1.0832490e-02  -6.5059311e-02  -6.3914950e-01   3.1434652e-02  -7.0990357e-02  -3.5119071e-01  -3.0656146e-02  -5.8082527e-03  -2.2385699e-01   4.8358637e-01  -2.8609799e-01  -2.3978882e-02   1.5793547e-01  -1.9585086e-01  -2.8846455e-02   1.5476802e-03
   6.7042898e-02   2.6852218e-01   5.2550972e-02   3.5318676e-01   2.1194243e-01  -8.5997304e-02  -7.3458999e-02  -6.6050804e-02   9.9271002e-02  -3.0326884e-01   8.9880776e-02  -1.9315450e-01  -2.3155718e-01   4.6090161e-02   4.2721575e-01  -3.7629704e-02  -7.8392009e-02   3.0378293e-01   2.3176864e-01  -4.4135269e-01
  -6.6365909e-02  -7.5839196e-02   2.4116223e-01   2.0948867e-01   2.6156699e-01  -1.5250388e-01   2.8027104e-01  -1.2089801e-01   9.1754773e-02  -3.2777473e-01  -1.1484458e-01   3.4685522e-02  -2.9611487e-01  -3.9664414e-01  -4.0352567e-01  -1.3699067e-01   2.6092928e-01   7.4105148e-02  -2.5757145e-01   7.8613387e-02
   2.4907615e-01   2.1921951e-01   3.3961807e-02  -3.2392136e-01   4.5988345e-01  -1.1928936e-01  -6.4504993e-02   2.4370531e-01  -1.2690387e-01  -3.4420347e-02   1.9294780e-01   4.1221360e-01   1.4733611e-01  -9.4574799e-02  -2.0225960e-02  -1.1478631e-01   2.2676841e-01   1.6532282e-01   3.5290468e-01   1.5025537e-01
   2.8551652e-01  -3.4177558e-01  -2.0385321e-01  -1.3325217e-01  -4.4852325e-01   2.8386923e-02   9.8571803e-02   1.4803794e-01  -7.3132752e-02  -3.0614678e-01  -4.3008509e-02   2.0079407e-01  -1.1765377e-01  -1.0078524e-01   2.2417004e-01  -4.5165688e-01   2.0729909e-01  -4.4216551e-02   1.5741524e-02  -2.0995874e-01
   4.4567542e-01  -2.7894824e-01   2.1929089e-01  -3.2459768e-02   6.7194515e-02  -1.9453447e-01   4.9907882e-02   9.6780030e-02  -6.8125332e-02  -1.0737809e-01  -5.5126612e-01  -3.5065767e-01   1.8619121e-01   6.2110644e-02   3.8290224e-02   1.3842214e-01  -1.3166794e-01   1.5820947e-01   1.8140209e-01   2.0676522e-01
   2.2461157e-01  -1.3253145e-01   1.6535696e-01   1.8328407e-01  -1.7240582e-02   1.1764141e-01   1.6707944e-01  -5.5353751e-02   2.1444790e-01  -1.0025987e-02   2.7855122e-01  -4.5871588e-03  -9.0477679e-02  -2.7624063e-02  -2.7782778e-01  -6.3523392e-02  -2.8839654e-01  -4.7638664e-01   5.4895355e-01  -2.4350094e-02
  -8.5464147e-03   5.1539670e-01   1.5676968e-02   3.8774583e-02  -1.4691021e-01  -6.6684025e-02   9.1927586e-02   1.3587930e-01  -1.1719652e-01   1.5120152e-01  -3.8473756e-01  -1.2508049e-01   2.3465890e-01   3.9785233e-03  -3.3099711e-01  -2.3510199e-01   1.7523260e-01  -1.8506225e-01   1.0499531e-01  -4.2830422e-01
  -4.4853763e-02  -3.2458628e-02  -1.8463709e-01  -2.7359958e-01   2.1816145e-01  -7.5031906e-02   8.8022050e-02   2.3971951e-01   6.2167622e-01  -2.2633599e-01  -1.8647736e-01   1.1935096e-01   1.0005507e-01   2.1999128e-02   8.7806202e-02   3.0481803e-01  -2.2901086e-02  -2.8770594e-01  -1.4937432e-01  -2.5708150e-01
  -1.9820403e-01  -1.7028709e-01   3.3517680e-01   1.4045566e-01   5.1897592e-03   4.2362356e-01  -2.0910973e-01  -8.6177622e-02   2.8740779e-01   1.4555160e-01  -1.8471959e-01   2.3506589e-02   1.9953122e-01  -1.2261284e-01   2.3458297e-01  -4.0988102e-02   5.1058318e-01  -1.5844082e-02   2.3770104e-01   3.9276807e-02
   1.8706551e-01   3.1524383e-01   4.1189355e-01   1.8827721e-01  -2.0507110e-01   2.0630408e-01   1.1140029e-01   2.6444259e-01  -1.8876090e-02  -3.5450587e-01   2.2553609e-01   6.1524502e-02   3.3879442e-01   5.3927490e-02   1.3748611e-01   5.9700249e-02  -6.8635597e-02  -1.0791685e-01  -3.4432681e-01   1.9445061e-01
  -4.0906695e-02   3.6272314e-01   8.1379388e-02  -4.8970016e-01  -1.0399609e-01   3.7777000e-01   7.6730383e-02   2.6366585e-02   1.8228242e-01  -7.2207611e-02  -1.4982186e-01  -2.4368530e-01  -4.4981858e-01  -2.9656303e-02   3.5440858e-02  -1.6728111e-01  -1.3365235e-01   9.2245687e-02   8.4685104e-02   2.7194230e-01
