  -2.1597074e-01   4.0676632e-01  -4.1646918e-01   2.8314568e-01  -7.3033154e-02  -1.8334582e-01  -2.4030086e-01  -2.9291655e-01   3.5457201e-01   4.7546220e-01
   2.9938522e-01   5.5150998e-02  -3.8970686e-01  -2.4549470e-01   1.7955090e-01   4.6913910e-01   2.6605610e-01   4.2703774e-01   1.0234834e-01   4.2336212e-01
   6.4889812e-01  -3.7468150e-01  -2.7048805e-01   3.9613538e-01  -7.3176265e-02  -4.2054287e-01   5.9955726e-02  -2.0058189e-02  -1.2551215e-01   8.0601418e-02
  -1.4844428e-01  -2.1374191e-01  -1.0626518e-01  -5.3247896e-01  -2.9628666e-01  -1.8289905e-01  -8.8119773e-02  -2.0408998e-01  -5.2116465e-01   4.4179667e-01
  -2.2097003e-01  -2.7303824e-01   1.3039905e-01   2.2887629e-01   7.9853864e-01   2.5560256e-02  -1.8287379e-02  -1.5928287e-01  -2.2513918e-01   3.0417708e-01
  -1.6101096e-01  -4.3956433e-01   4.3409553e-01   1.6725052e-01  -2.9788135e-01   3.7593414e-03  -1.5395807e-01   3.7592391e-01   3.6826943e-01   4.1839613e-01
  -3.2126248e-01  -1.9378751e-01  -3.0131047e-01   5.0486667e-01  -3.3237749e-01   5.0515470e-01   7.6065811e-02  -1.2007689e-02  -3.6361608e-01  -9.8770132e-02
  -3.2342985e-01   2.9874664e-01  -2.0663813e-02   1.5773357e-01   1.2440458e-02  -4.8523135e-01   4.0153603e-01   5.5583056e-01  -2.6991135e-01   4.6920624e-02
   1.9834480e-01   2.8087632e-01   6.3779193e-02   9.8320102e-02   6.3183636e-02   7.9254131e-02  -7.6234029e-01   3.8057169e-01  -3.6291948e-01   7.1930604e-03
  -3.1418349e-01  -4.1468826e-01  -5.3805232e-01  -2.2205769e-01   1.6813117e-01  -1.9597199e-01  -2.9646660e-01   2.6299656e-01   2.3097239e-01  -3.3679590e-01
  -6.2854879e-01   3.2595000e-01   1.1951229e-01   7.8418774e-02   4.5128737e-01   3.3570054e-01  -5.3755636e-02   3.8632221e-02   2.0566166e-01  -3.3943532e-01
  -2.7074023e-01  -3.6356688e-01  -5.5378402e-01  -4.7939604e-02   3.1029493e-01  -2.6065770e-01  -1.0179362e-01  -5.4433384e-01   7.0969035e-02   9.8084901e-02
   1.5719366e-02   2.8409399e-01  -2.3823541e-01  -1.8812108e-02   3.7941657e-01   2.1363975e-02  -2.3009296e-01   2.6219051e-01  -7.0136193e-01   3.2237394e-01
  -6.9917402e-03   3.8171649e-01   4.1154340e-02   2.2887887e-01  -7.4585886e-02   2.6365581e-02   6.5223438e-01  -5.2525762e-01  -3.0309876e-01   2.7057653e-02
   3.1519081e-01   3.3606974e-01  -6.3940449e-01   3.7968614e-01   2.9855157e-02  -1.7004625e-02   1.0543622e-01   2.6341251e-01   3.6484259e-01  -1.4113351e-01
   2.7186693e-01   2.4674689e-01   4.0726482e-01   1.0349896e-01   4.7560847e-01  -3.5520332e-01  -9.1934525e-02  -1.4260565e-01   3.7569819e-01   4.0782031e-01
  -4.9709721e-01  -7.4733042e-02  -7.6002737e-02   4.0294930e-03  -1.5028245e-01  -1.3574460e-01   4.1437716e-01   4.0346709e-01   1.7932740e-01   5.7779999e-01
  -1.2559164e-01  -3.3376452e-01   1.8459633e-01   8.7451829e-01  -2.3521185e-02  -1.0350675e-01  -1.5986847e-01   5.7148390e-02  -1.8117165e-01  -3.2496438e-02
  -8.1359743e-02   2.4809634e-01  -7.7631041e-02   1.3136476e-01  -3.9663477e-01   4.6249435e-01  -4.5250551e-01  -3.1825601e-01   1.5911200e-01   4.5382882e-01
  -2.9761549e-01   4.2754694e-01   2.9571989e-03  -4.3406121e-02  -3.7813335e-01  -6.6985918e-01  -2.9461768e-01  -2.2533377e-02  -6.5817177e-02  -2.0832766e-01
  -4.0569437e-01   4.9006899e-03   3.0314558e-01  -1.4654984e-02  -4.4005049e-01  -2.8418995e-01  -4.8898806e-01  -7.4316436e-02  -4.6900987e-01  -6.5308345e-02
   2.7018084e-01  -3.1521831e-01  -1.3177452e-01   2.4302950e-01   3.3361336e-01  -1.4385887e-01  -5.1887240e-01  -5.2670929e-01   3.1569149e-02   2.6752713e-01
   1.6634808e-01  -2.3388781e-01   7.4793437e-02   1.4233165e-01   2.6286234e-01  -6.3325872e-02  -3.9317101e-01   8.1255163e-01  -2.1434582e-02  -5.8160500e-02
  -1.1679840e-01   2.1697980e-01  -2.1692584e-01  -1.8904008e-01   3.3337376e-01   5.8616180e-01  -3.1099079e-01  -1.1342735e-01  -2.9355960e-01  -4.5387547e-01
   1.9334363e-02  -4.5196739e-01   1.9070057e-01  -8.5579141e-01   5.6606028e-02   2.6822424e-02  -4.7956114e-02  -3.1596212e-02   1.0082595e-01   9.6012200e-02
  -1.3995333e-01  -3.5087542e-01  -6.7838160e-01   3.0692848e-02  -4.6290305e-01   2.9214298e-01  -6.5121071e-02   1.4301309e-01  -5.6001618e-02   2.6210574e-01
   2.4918427e-01   4.0198916e-01   2.5293250e-01  -5.8819433e-02  -3.5677707e-01   3.8405333e-01  -4.1247850e-01   2.7337848e-02   4.4656102e-01   2.5256265e-01
  -6.2948706e-01   3.2928776e-01  -2.3974133e-01  -1.4636347e-01   3.4931269e-01  -2.2639007e-01  -1.5330491e-01   9.9102094e-02   3.0333563e-01   3.4323388e-01
  -1.7620175e-01  -2.2700253e-01  -1.0545592e-01   8.6353124e-02  -1.7414864e-01  -1.6671683e-01  -1.5521970e-01  -9.7348016e-02   6.1239146e-01  -6.5736568e-01
  -4.6015896e-01  -3.8715077e-01   4.5710759e-01   3.4506173e-01   1.3305093e-01   4.8819462e-01   1.2684161e-01  -4.9519724e-02   1.1243599e-01   1.5209761e-01
   1.9796901e-03   3.4217729e-01  -4.0050850e-01   5.3548550e-01   6.4499519e-02   1.2718368e-01  -9.8151517e-02   6.0320750e-01  -2.0387898e-01  -1.9065046e-02
  -7.3014932e-02  -1.7596792e-01  -6.1912163e-01  -2.2075667e-01  -3.4351163e-01   1.2785148e-01   4.3211417e-01   2.1474717e-03   1.5032374e-01  -4.3357614e-01
  -2.4079559e-01  -2.9309173e-01   9.1618657e-02   2.7363123e-01   6.9370551e-01   2.7725313e-01   1.1329370e-01  -8.8132568e-02   1.5997853e-01  -4.1055342e-01
  -2.1205360e-01   2.8762560e-01   3.5674780e-01  -5.1954592e-01   1.4666492e-01   1.0515187e-01   3.6112315e-01   5.5670604e-01   4.8967352e-03  -4.6741742e-02
   6.7203157e-01   1.9526890e-01  -1.0839258e-01  -1.4633286e-01   3.5134206e-01  -4.6519968e-01  -2.3681148e-03   5.6560783e-02   1.8198110e-01  -3.1765946e-01
   3.7264480e-01   2.2747405e-01   4.1669553e-01   4.2135491e-01  -3.1903774e-01   3.0474868e-01   4.3951784e-01  -1.1925045e-01   2.0875767e-01  -1.1217434e-01
   2.5951721e-01  -4.7178264e-01   2.8950570e-01  -5.0904967e-02  -2.4624095e-01   1.0720973e-01  -2.7796654e-01   3.0142427e-01  -4.3598369e-01  -4.3969852e-01
   2.2740016e-01  -6.0198039e-01  -4.7138595e-02   1.2216733e-01   9.5613019e-02  -1.4046412e-01   3.7542357e-01   3.4175933e-01   1.3023546e-01   5.1496241e-01
   4.0695721e-01   6.8989715e-02  -2.1924206e-01  -2.8275397e-01   2.6864181e-01   6.1242477e-01   5.8793901e-02  -2.0394190e-01  -3.8062918e-01   2.5386854e-01
   1.2865025e-01  -6.1037085e-02  -3.3638894e-02  -1.5264504e-01  -8.9052978e-02   4.0494616e-01  -4.9553175e-01   2.2755001e-01   6.9397444e-01   6.6696604e-02
  -4.3576795e-01   3.3003942e-01  -5.4115106e-01   2.3589744e-01  -2.4230298e-01  -1.4280186e-01  -2.5575939e-01  -4.0122615e-01  -2.0167983e-01  -8.0715865e-02
  -1.0129048e-01   1.0576065e-01   2.3126020e-01   2.0175111e-01  -3.2682169e-01  -2.7047691e-01   6.9091032e-01  -2.6626217e-01   3.3129112e-01  -2.1539158e-01
  -2.6427969e-01  -1.3333411e-02   1.0206741e-01   4.3019814e-01  -2.1051032e-01  -8.4780827e-04  -3.5603807e-01   5.6813122e-01   4.4005204e-01  -2.1677862e-01
  -1.1627389e-01   2.9354869e-01   2.1779993e-01  -2.6128109e-02   4.6880992e-01  -7.1963113e-01  -1.5720624e-01   1.4099532e-02   1.2547518e-01   2.7181193e-01
   2.9932114e-01  -1.2435162e-01  -3.3096227e-01  -4.3789104e-01  -6.6048531e-02  -1.6498975e-01  -2.5774321e-01  -2.3182987e-01   6.1288731e-01  -2.5742457e-01
  -2.4646108e-01   4.0389726e-01  -3.4620230e-01  -1.2226057e-01   3.4998806e-01   4.1484656e-01   3.3837674e-01   1.8143467e-01   3.8399060e-01   2.2773845e-01
  -5.9288942e-01  -1.5492118e-01   3.8343228e-01  -4.7047583e-01  -2.7351148e-01   1.5052206e-01  -1.6389329e-01  -1.8156622e-01   1.2383774e-01   2.8893811e-01
   3.4655720e-01   2.4177394e-01   2.7869394e-01   4.0013043e-01  -4.0948560e-02   3.2253200e-01  -2.7490699e-01  -4.4217958e-01   2.6958887e-01   3.6631998e-01
   3.0645864e-01   4.2974322e-01  -8.0565562e-02  -2.4916194e-01  -5.9990789e-01  -1.6044350e-01   2.7529456e-02   3.5977757e-01  -9.3783542e-02   3.5805959e-01
   2.4704081e-02   5.8975358e-01   3.6775833e-01  -2.6012693e-01   8.4561605e-02   1.9192444e-01  -1.4707156e-01  -2.3612531e-02  -1.4245239e-01  -6.0183244e-01
   2.8092744e-01   4.6009632e-01   7.1293580e-02  -5.0564361e-01   2.1801491e-01   1.1993221e-01  -2.5235434e-01  -8.8912264e-02  -3.7507580e-01   4.1767058e-01
   2.8368540e-01  -9.5345456e-03  -6.7942106e-01   1.9008936e-01   1.2993059e-01   4.1376334e-01   2.5447496e-01   1.2785703e-01   1.9709055e-01   3.3712472e-01
   2.4361590e-01  -9.4013863e-02   2.8035596e-01   5.4808362e-01   1.7911115e-01   4.0102320e-02  -5.0191611e-01  -3.4493850e-01   2.4690210e-01   2.9540747e-01
   1.1138583e-01   7.0754189e-02   1.7224894e-01   4.5713499e-01   1.3068955e-01   4.0778022e-01   9.6160381e-02   1.6940138e-01  -6.5426425e-01  -3.0753070e-01
  -1.6696505e-01   6.4597614e-01  -3.5514079e-01   2.1279885e-01   2.3240274e-01  -2.2809014e-01  -2.9627341e-02  -3.6908649e-01   7.3585400e-02  -3.6725413e-01
   3.2297929e-01  -4.6707532e-02  -2.1083601e-01   1.2237558e-01  -6.8616432e-01  -2.4598851e-01   8.1102313e-02  -4.0633918e-01  -3.4898148e-01   9.6260984e-02
  -5.9643405e-01  -6.5196001e-02  -1.4870168e-02   2.2668526e-01   1.8033979e-01  -2.2367571e-01   2.6061528e-01  -1.0149574e-01  -3.1487935e-01   5.7313577e-01
  -1.8820622e-03  -4.3881548e-01  -3.2262958e-02  -2.8559261e-01   3.3544157e-01   2.5462363e-01   1.9895918e-01  -6.7865480e-01  -8.1847460e-02  -2.0155164e-01
  -5.1929244e-01   1.3116565e-01  -6.1866753e-02  -5.5982488e-02  -4.3987480e-01   6.1489455e-01  -3.2487328e-01  -1.5517597e-01   6.4212707e-02   2.8961068e-02
   1.0607617e-01   3.7535979e-01   4.9936837e-01   4.9799693e-02  -1.5185896e-01   2.0255486e-01   6.2441180e-01  -1.7826422e-01   3.0704550e-01   1.2636974e-01
  -2.4138535e-01  -7.8609808e-02   2.9773078e-01   4.1855029e-01  -1.8521003e-01   2.8635409e-01  -1.0558935e-01   1.2772971e-01  -5.6756567e-02   7.2438866e-01
   2.4546719e-01   8.5343289e-01   4.2082291e-02   1.3273804e-01  -1.3543960e-01  -1.3348947e-01   2.3157422e-01   1.4024751e-01   2.5735045e-01   1.2774696e-01
  -4.4448566e-02  -3.0997875e-02  -1.4698949e-01  -3.4882390e-01  -3.9318056e-02  -3.1886229e-01   4.9607188e-01  -4.3017438e-01  -2.8976619e-01   4.8524077e-01
  -3.7286632e-01  -1.0185627e-01   4.9973422e-01  -4.4923963e-01  -3.7680458e-02  -2.5730175e-03   2.3005199e-01   8.9601987e-02   5.7961986e-01  -2.6597346e-02
   2.1803951e-01   1.1847628e-01   2.9595842e-02  -9.9688752e-02  -4.3201506e-02   7.0730003e-01  -4.2543084e-03  -6.3218652e-01   1.5637081e-01  -3.6591743e-02
   1.2214739e-01  -1.7508379e-01  -1.5205831e-01  -1.0116140e-01  -8.4508213e-01   1.8289726e-01   2.5952830e-01   2.6229865e-01  -1.0462612e-01  -1.6233596e-01
  -2.2792392e-01  -1.0521265e-01   8.3153964e-02   5.9067704e-01  -2.6736194e-01  -3.5600469e-01   1.2040661e-01  -4.9873520e-01   2.1906334e-01  -2.6780962e-01
  -6.2958340e-02   3.4520372e-02   3.6416676e-01   2.2972186e-01   2.8598333e-01   2.5436292e-01   6.1096267e-01   1.3776650e-01  -4.2800620e-01  -2.9584416e-01
  -2.4903894e-01  -1.1112516e-01  -6.6700706e-01   1.9360989e-01   2.3794539e-01   2.3890628e-01   3.7283598e-01   1.7175984e-01   3.9145578e-01   8.8360881e-02
  -7.4838448e-01   4.2992569e-01  -1.7267656e-01  -1.5612222e-01  -1.3590651e-01   1.2751991e-01  -2.0508583e-01  -7.2519064e-02  -3.0134975e-01  -1.6742291e-01
   6.0356751e-02  -4.9707584e-01   3.1753353e-01  -1.3331555e-01  -2.1011798e-03   5.6198088e-01   1.5980292e-01  -2.1382481e-01  -1.6542674e-01  -4.6499585e-01
  -4.1720406e-01  -2.9749274e-01   1.5991141e-01  -4.9335617e-01  -3.8339737e-01   4.3262703e-02  -1.1920727e-02   3.1027766e-01   3.7393499e-01   2.8872124e-01
   7.8257431e-01  -1.9353278e-01   1.1022178e-02   1.3168069e-01  -5.1499934e-01   2.1084996e-02  -7.5330618e-02   1.1968593e-01   1.1329822e-01   1.8481451e-01
  -3.2193613e-02  -1.6734341e-01  -8.2642547e-01  -8.3055581e-02  -9.5125418e-02   1.3551951e-01   3.0778025e-01  -2.9934952e-01   2.5848654e-01  -5.0139648e-02
   2.4067212e-01  -2.5016953e-01  -1.8322538e-01  -6.4760352e-01   1.9261886e-01  -4.0887534e-01  -2.5715657e-01  -3.3728298e-02  -3.8723882e-01  -7.0909868e-02
  -2.5004268e-01  -3.8214915e-01  -3.4252991e-01   3.9083064e-01  -4.6010625e-02   1.7881591e-01  -4.1640841e-01   4.0845742e-01  -3.8008985e-01   5.0710192e-02
  -2.3093142e-01  -2.6414636e-01   1.0605999e-01   2.8305292e-01  -4.1471577e-01  -6.4224992e-01   1.8126708e-01  -1.6356001e-01  -6.2807453e-02  -3.7081149e-01
   1.2602073e-02  -4.4186376e-01   1.4095045e-01   1.7888406e-01   3.2494272e-01  -1.2558110e-01   4.1112629e-01  -1.7044098e-01  -1.5370908e-01   6.4005567e-01
  -1.8040684e-01   1.2613470e-01   5.5838132e-02  -2.6767016e-02  -3.5840665e-01   1.4102515e-01  -4.0864489e-01  -6.9155943e-01  -2.2920711e-01   3.1872343e-01
  -4.8576525e-02   3.3076474e-01  -7.3268903e-02  -1.7208945e-01  -3.6534587e-01   1.2727085e-01   5.1528521e-01   2.2812354e-01  -6.1532551e-01   8.5975238e-02
   2.5302831e-01  -1.7219069e-01   5.7380490e-01   2.1090356e-01   2.8743218e-01   1.9626174e-01  -2.6077946e-01   4.9576057e-01   3.1131000e-01   2.7574342e-02
   1.4745517e-01  -2.9828175e-01   4.2950267e-01  -2.2992165e-01   8.2574529e-02   4.5075168e-02   5.7597733e-01   2.7322433e-03  -5.5349856e-01   7.0570044e-02
   3.4796434e-01  -1.3138426e-02  -1.4866680e-01  -2.1640757e-01  -6.2543603e-01   2.8084542e-01  -1.8451160e-01   2.9236197e-01  -1.2915916e-01   4.5118469e-01
  -6.3991773e-02  -2.6606641e-01   7.9687696e-02  -5.3833499e-01   1.3016202e-01  -1.2587896e-01  -6.6622981e-01  -9.6856524e-02  -3.0182876e-01  -2.2765635e-01
   2.5711925e-01   3.3907309e-01   8.5800214e-02   1.7810043e-02  -1.5234489e-02  -8.3516856e-01  -2.6824892e-02   2.8515493e-01  -1.3756060e-01   1.1200806e-01
   2.1504652e-01  -2.7696264e-01  -1.2012906e-01   4.4339654e-01   2.8635921e-01  -7.7554254e-02  -2.4157190e-01  -4.1181259e-01  -2.1772689e-01   5.5013395e-01
   1.5006204e-01   6.7577700e-01   1.3110726e-02   1.4573270e-01   2.3991888e-01   3.9275137e-01  -1.5729628e-01   1.9464511e-02  -4.8960498e-01  -1.5082504e-01
   7.2694791e-01  -1.5015939e-01  -7.8356601e-02   1.3126940e-01  -1.8594217e-01  -2.4452119e-02   3.0917753e-02  -2.8060421e-01   9.0170268e-02  -5.5011797e-01
  -3.5412499e-01  -1.3820656e-01   2.9240421e-01   5.4339301e-01  -5.2699314e-01  -7.9684201e-02  -1.8039374e-01   2.0009681e-02  -3.2119206e-01  -2.3353861e-01
   1.8105727e-02   3.4700447e-01   5.8670171e-01  -1.8803085e-01  -2.2441211e-01  -2.7553703e-03  -7.0859104e-02  -5.7352973e-01   2.6759440e-01   2.0917233e-01
  -2.8273451e-02  -6.0349886e-01  -4.8266323e-01  -3.4213056e-01  -2.3433673e-01  -1.9712497e-01  -7.8846792e-02   4.1506212e-01  -2.4414684e-02   1.1005097e-01
  -4.1269209e-01   4.1770620e-01  -5.4096612e-01  -1.1516515e-01   1.2194763e-01   3.5389490e-01   2.0726278e-01   2.2133971e-01  -1.5021725e-02  -3.4206989e-01
   4.4802852e-01   1.1893778e-01   1.6245107e-01   1.5216139e-02  -2.9969700e-01  -1.0386015e-01   6.3249863e-01   3.5621838e-01  -2.6517557e-01  -2.4623770e-01
  -3.6303763e-01  -7.1911112e-02   5.4974088e-02  -3.3998327e-01  -8.3801428e-02   4.6432696e-02   5.2421307e-01  -4.1005875e-01  -2.8311416e-01   4.6058861e-01
  -3.1662897e-01   3.7235496e-02   1.3762583e-01   2.1069923e-01  -7.0167919e-01   9.7332763e-02   8.8159650e-02   5.2583093e-02   5.6564355e-01   5.2033525e-02
  -3.3679358e-01  -4.9446917e-02   5.9920062e-01  -3.0506962e-01  -3.8687213e-02   2.7992847e-01  -2.7391648e-01   4.1958288e-01  -3.0029207e-01  -1.0442330e-01
   2.0799300e-01   5.4116773e-02   1.6928689e-01  -6.9840854e-01   1.9626673e-01  -2.9546974e-02   1.2537091e-01  -8.2866016e-02   5.8523207e-01  -1.8139151e-01
   4.2252121e-01   3.8570651e-01  -1.9243411e-01  -2.9593799e-01  -4.2086180e-01   3.4221873e-01  -3.5736156e-01  -1.0826243e-01  -1.7372469e-01   2.9025766e-01
   2.3764974e-01  -4.9260082e-01  -2.6928715e-03   1.6365492e-01   1.1463522e-01   7.8262652e-01   1.7526474e-01  -8.2324832e-02   9.6687414e-02  -3.9846996e-02
  -6.6434026e-02  -2.0930378e-01  -3.6068404e-02  -1.1943682e-01  -3.3277199e-01  -6.8063513e-02  -1.3793557e-01  -5.2868967e-01  -2.3780940e-01  -6.8245895e-01
