   7.4490000e+03
   8.9230000e+03
   2.4260000e+03
   1.2960000e+03
   2.2510000e+03
   3.5000000e+03
   2.8710000e+03
   9.2750000e+03
   5.1300000e+02
   5.9270000e+03
   1.6290000e+03
   8.3840000e+03
   1.6760000e+03
   5.0220000e+03
   9.9930000e+03
   3.5540000e+03
   4.7100000e+02
   2.1370000e+03
   3.9780000e+03
   3.3370000e+03
   2.2960000e+03
   9.3610000e+03
   6.8320000e+03
   9.6210000e+03
   4.3800000e+03
   9.4030000e+03
   5.8000000e+01
   6.1030000e+03
   8.0110000e+03
   2.3300000e+03
   9.3250000e+03
   7.6330000e+03
   8.2640000e+03
   5.7350000e+03
   7.9260000e+03
   3.2900000e+03
   2.2350000e+03
   3.1240000e+03
   5.8450000e+03
   8.2990000e+03
   2.9050000e+03
   4.0260000e+03
   8.6210000e+03
   6.1470000e+03
   9.9120000e+03
   2.0370000e+03
   8.2720000e+03
   6.7590000e+03
   2.4890000e+03
   4.7580000e+03
   3.9910000e+03
   5.9940000e+03
   8.0050000e+03
   1.0510000e+03
   8.2140000e+03
   8.4110000e+03
   3.5450000e+03
   4.3010000e+03
   5.7220000e+03
   7.0080000e+03
   7.4250000e+03
   7.5790000e+03
   3.8910000e+03
   4.2930000e+03
   9.5630000e+03
   5.7300000e+03
   8.4970000e+03
   2.7630000e+03
   6.2230000e+03
   5.8840000e+03
   9.6350000e+03
   8.5900000e+02
   5.0050000e+03
   5.2160000e+03
   9.0200000e+02
   9.0470000e+03
   8.8440000e+03
   4.3900000e+03
   7.8170000e+03
   1.4850000e+03
   6.1980000e+03
   2.6060000e+03
   4.4570000e+03
   8.4400000e+03
   1.9620000e+03
   3.0390000e+03
   4.8330000e+03
   3.3780000e+03
   7.9850000e+03
   9.8750000e+03
   1.5900000e+03
   2.3690000e+03
   7.0220000e+03
   3.7550000e+03
   9.7370000e+03
   9.7230000e+03
   6.4370000e+03
   8.6010000e+03
   4.0190000e+03
   6.3190000e+03
   9.8520000e+03
   5.5950000e+03
   9.3360000e+03
   7.2030000e+03
   4.8400000e+03
   6.3900000e+03
   8.8760000e+03
   1.9870000e+03
   3.9540000e+03
   9.9220000e+03
   4.0240000e+03
   6.5890000e+03
   9.0130000e+03
   9.9540000e+03
   6.5320000e+03
   1.0840000e+03
   3.6100000e+02
   6.1810000e+03
   5.6710000e+03
   9.6200000e+03
   7.4610000e+03
   6.6250000e+03
   5.2330000e+03
   2.5990000e+03
   9.6200000e+03
   5.4020000e+03
   3.0300000e+02
   6.9630000e+03
   5.1970000e+03
   5.9000000e+02
   8.9000000e+03
   3.3020000e+03
   2.2970000e+03
   1.1390000e+03
   3.1090000e+03
   2.2840000e+03
   6.5200000e+03
   6.6200000e+02
   2.7540000e+03
   2.8180000e+03
   8.8010000e+03
   4.4430000e+03
   7.5590000e+03
   6.0330000e+03
   7.8330000e+03
   1.1390000e+03
   9.7860000e+03
   8.4860000e+03
   5.0600000e+02
   4.6620000e+03
   3.2570000e+03
   6.3020000e+03
   2.3030000e+03
   5.7990000e+03
   6.0320000e+03
   5.9990000e+03
   4.4840000e+03
   3.5400000e+02
   5.1380000e+03
   4.0770000e+03
   1.0800000e+03
   4.5990000e+03
   4.5090000e+03
   5.5110000e+03
   8.0540000e+03
   7.0090000e+03
   8.7220000e+03
   5.2200000e+02
   2.1970000e+03
   4.5960000e+03
   9.5850000e+03
   7.9000000e+03
   4.5190000e+03
   3.3340000e+03
   5.9100000e+02
   7.4090000e+03
   5.0680000e+03
   1.9990000e+03
   4.2720000e+03
   1.6870000e+03
   7.5170000e+03
   3.6840000e+03
   9.4180000e+03
   1.7200000e+02
   8.2910000e+03
   6.2660000e+03
   5.3870000e+03
   6.5050000e+03
   7.2660000e+03
   9.4500000e+02
   8.7760000e+03
   1.4400000e+02
   2.9430000e+03
   1.7990000e+03
   9.2630000e+03
   6.8200000e+02
   5.8110000e+03
   6.3720000e+03
   6.5130000e+03
   8.6460000e+03
   5.6000000e+02
   8.1690000e+03
   5.2890000e+03
   6.9440000e+03
   2.1240000e+03
   5.4330000e+03
   7.0250000e+03
   9.5640000e+03
   4.4450000e+03
   8.5400000e+02
   5.7300000e+02
   6.2950000e+03
   7.9620000e+03
   6.9120000e+03
   3.4530000e+03
   9.4680000e+03
   5.2020000e+03
   9.5380000e+03
   7.3600000e+02
   2.0700000e+03
   7.7500000e+03
   9.1420000e+03
   7.8260000e+03
   2.9550000e+03
   1.5180000e+03
   8.4790000e+03
   7.8490000e+03
   2.7080000e+03
   2.2780000e+03
   3.2100000e+03
   8.2960000e+03
   8.2220000e+03
   5.7070000e+03
   5.7180000e+03
   2.8600000e+03
   6.9910000e+03
   7.9630000e+03
   4.4160000e+03
   4.4620000e+03
   4.6570000e+03
   2.7900000e+03
   6.7540000e+03
   9.0370000e+03
   9.0850000e+03
   7.4720000e+03
   2.6050000e+03
   6.8960000e+03
   1.3180000e+03
   1.2350000e+03
   1.9090000e+03
   1.4570000e+03
   5.8500000e+03
   7.3400000e+02
   8.2230000e+03
   7.2290000e+03
   9.2590000e+03
   4.9260000e+03
   6.5490000e+03
   8.9010000e+03
   5.3850000e+03
   2.8220000e+03
   9.7600000e+03
   3.6400000e+02
   3.2620000e+03
   9.7300000e+03
   3.6500000e+03
   3.0910000e+03
   1.2090000e+03
   9.1580000e+03
   1.3550000e+03
   3.3210000e+03
   8.9750000e+03
   4.9960000e+03
   6.1530000e+03
   5.8310000e+03
   6.9830000e+03
   2.9300000e+02
   5.2790000e+03
   3.2100000e+02
   8.2710000e+03
   3.4000000e+03
   8.4670000e+03
   2.4610000e+03
   5.8150000e+03
   9.3770000e+03
   4.7800000e+02
   5.4000000e+02
   2.0600000e+02
   6.8150000e+03
   5.9860000e+03
   1.1400000e+03
   7.9620000e+03
   6.1790000e+03
   7.0200000e+02
   6.9300000e+02
   1.3600000e+03
   7.8890000e+03
   9.2400000e+02
   2.3790000e+03
   2.4360000e+03
   1.0480000e+03
   8.5840000e+03
   6.9820000e+03
   7.3370000e+03
   6.5050000e+03
   5.1630000e+03
   3.2640000e+03
   6.6180000e+03
   1.1760000e+03
   1.4780000e+03
   1.9800000e+02
   9.6430000e+03
   9.7040000e+03
   1.2390000e+03
   4.6740000e+03
   6.5670000e+03
   2.9020000e+03
   7.5450000e+03
   5.5810000e+03
   4.2780000e+03
   2.6720000e+03
   7.5370000e+03
   8.9840000e+03
   7.2840000e+03
   4.0680000e+03
   9.3830000e+03
   2.5540000e+03
   5.3320000e+03
   9.5480000e+03
   2.6770000e+03
   2.5010000e+03
   9.2770000e+03
   6.8600000e+02
   2.9940000e+03
   5.9160000e+03
   2.0330000e+03
   6.3590000e+03
   7.9840000e+03
   5.0170000e+03
   6.5080000e+03
   7.9600000e+03
   2.3340000e+03
   6.0080000e+03
   1.1250000e+03
   5.1580000e+03
   8.3780000e+03
   9.2080000e+03
   4.9820000e+03
   2.7760000e+03
   6.5250000e+03
   9.1730000e+03
   5.0980000e+03
   9.7420000e+03
   1.9730000e+03
   1.1120000e+03
   2.9740000e+03
   3.9640000e+03
   4.2080000e+03
   3.1150000e+03
   6.9380000e+03
   9.1900000e+02
   4.0210000e+03
   2.9520000e+03
   3.0650000e+03
   1.0560000e+03
   5.9380000e+03
   2.8270000e+03
   1.5520000e+03
   7.0000000e+00
   2.8360000e+03
   5.5080000e+03
   8.7090000e+03
   4.2300000e+02
   9.0470000e+03
   1.3100000e+03
   8.3370000e+03
   8.0050000e+03
   9.1790000e+03
   1.3730000e+03
   5.0470000e+03
   4.0500000e+03
   1.7360000e+03
   5.7520000e+03
   6.0620000e+03
   2.1440000e+03
   5.1990000e+03
   9.8920000e+03
   4.8990000e+03
   6.9490000e+03
   4.1140000e+03
   3.4800000e+02
   2.9280000e+03
   8.0140000e+03
   3.4650000e+03
   8.3300000e+02
   5.1110000e+03
   3.6680000e+03
   7.3950000e+03
   5.2470000e+03
   8.0450000e+03
   8.1690000e+03
   1.8950000e+03
   1.2370000e+03
   8.2100000e+03
   6.3790000e+03
   1.6100000e+02
   8.9600000e+03
   5.1540000e+03
   5.4450000e+03
   6.0640000e+03
   7.6040000e+03
   8.5530000e+03
   3.8290000e+03
   8.4600000e+02
   7.3390000e+03
   3.3200000e+03
   8.3970000e+03
   3.7170000e+03
   8.2820000e+03
   1.7650000e+03
   1.2950000e+03
   8.7990000e+03
   4.4100000e+02
   6.8670000e+03
   7.3380000e+03
   4.3720000e+03
   3.7980000e+03
   9.7970000e+03
   3.9900000e+03
   4.4020000e+03
   1.5680000e+03
   3.2600000e+03
   3.1410000e+03
   8.9450000e+03
   2.4700000e+03
   3.1070000e+03
   4.0890000e+03
   7.0800000e+03
   1.4360000e+03
   8.7130000e+03
   8.3200000e+02
   4.6170000e+03
   3.0400000e+02
   7.5320000e+03
   7.0000000e+03
   2.1450000e+03
   6.7990000e+03
   5.5730000e+03
   8.5070000e+03
   5.5860000e+03
   9.0180000e+03
   4.1950000e+03
   3.5810000e+03
   4.8900000e+03
   2.5600000e+03
   9.2920000e+03
   4.6680000e+03
   2.5400000e+03
   4.3120000e+03
   7.0250000e+03
   4.0230000e+03
   1.8180000e+03
   8.5630000e+03
   5.8420000e+03
   3.7360000e+03
   2.2170000e+03
   2.1900000e+03
   5.2220000e+03
   4.3340000e+03
   7.4130000e+03
   7.0400000e+02
   8.4730000e+03
   6.7990000e+03
   1.3670000e+03
   8.5840000e+03
   1.9980000e+03
   6.0730000e+03
   5.4300000e+03
   1.6230000e+03
   5.7000000e+01
   7.7150000e+03
   7.6480000e+03
   4.2110000e+03
   5.6800000e+02
   5.8570000e+03
   1.7420000e+03
   7.2860000e+03
   5.3430000e+03
   2.5310000e+03
   9.1710000e+03
   7.5820000e+03
   8.8700000e+03
   6.8800000e+02
   1.8350000e+03
   7.3710000e+03
   6.9670000e+03
   7.7700000e+03
   5.0190000e+03
   4.2550000e+03
   6.1120000e+03
   8.5580000e+03
   6.7080000e+03
   5.2360000e+03
   2.9880000e+03
   7.0400000e+03
   3.8160000e+03
   5.6770000e+03
   8.8790000e+03
   8.4290000e+03
   8.9880000e+03
   9.3900000e+03
   8.1540000e+03
   1.4000000e+01
   3.1000000e+01
   8.7500000e+02
   2.6070000e+03
   2.2800000e+02
   4.2410000e+03
   3.4110000e+03
   5.4140000e+03
   9.2620000e+03
   2.9850000e+03
   3.3810000e+03
   8.5950000e+03
   3.4050000e+03
   1.3810000e+03
   5.0780000e+03
   8.5670000e+03
   3.8430000e+03
   6.9570000e+03
   6.2790000e+03
   4.5040000e+03
   4.7360000e+03
   9.4970000e+03
   8.3500000e+02
   2.7980000e+03
   4.4700000e+03
   5.8760000e+03
   8.7760000e+03
   4.6910000e+03
   4.3740000e+03
   7.4620000e+03
   4.6790000e+03
   8.6080000e+03
   4.6650000e+03
   4.9810000e+03
   4.8740000e+03
   2.2950000e+03
   8.5600000e+02
   6.7400000e+02
   8.8840000e+03
   2.3320000e+03
   8.6160000e+03
   7.1170000e+03
   8.7280000e+03
   9.3800000e+03
   1.3970000e+03
   3.9390000e+03
   9.8060000e+03
   6.4480000e+03
   8.9640000e+03
   4.8220000e+03
   1.4100000e+02
   6.2290000e+03
   2.3110000e+03
   5.2740000e+03
   7.2500000e+03
   6.0740000e+03
   5.8840000e+03
   4.3340000e+03
   2.4420000e+03
   4.2900000e+03
   1.0200000e+02
   6.0880000e+03
   9.5800000e+03
   9.5400000e+02
   3.5600000e+02
   8.8620000e+03
   2.4690000e+03
   8.9000000e+01
   8.1490000e+03
   1.4050000e+03
   8.7990000e+03
   9.5400000e+02
   3.5260000e+03
   5.9340000e+03
   5.8520000e+03
   6.6770000e+03
   6.4800000e+03
   4.3340000e+03
   1.3980000e+03
   7.5190000e+03
   2.4180000e+03
   6.5050000e+03
   8.5740000e+03
   8.4400000e+02
   9.7210000e+03
   3.1500000e+02
   8.3540000e+03
   8.3570000e+03
   4.9900000e+02
   5.4590000e+03
   9.4320000e+03
   3.2150000e+03
   8.0650000e+03
   6.0140000e+03
   7.8960000e+03
   7.9920000e+03
   4.9600000e+02
   2.8320000e+03
   6.5350000e+03
   4.8970000e+03
   9.7290000e+03
   7.4850000e+03
   5.6780000e+03
   2.9900000e+03
   2.5610000e+03
   8.8660000e+03
   4.4680000e+03
   8.1600000e+03
   9.8300000e+02
   8.5960000e+03
   2.7600000e+02
   8.9920000e+03
   8.9990000e+03
   5.2410000e+03
   1.2020000e+03
   1.7780000e+03
   7.0610000e+03
   8.3140000e+03
   3.4800000e+02
   7.5780000e+03
   9.5710000e+03
   3.4290000e+03
   6.3820000e+03
   3.4300000e+03
   2.1650000e+03
   7.8620000e+03
   7.2310000e+03
   2.7880000e+03
   5.8240000e+03
   4.2100000e+03
   9.2100000e+02
   2.4000000e+02
   4.9110000e+03
   2.7830000e+03
   3.3980000e+03
   2.8730000e+03
   1.7090000e+03
   3.9930000e+03
   6.9760000e+03
   2.0370000e+03
   6.6630000e+03
   4.4310000e+03
   4.3330000e+03
   1.7520000e+03
   1.9320000e+03
   6.1640000e+03
   2.6900000e+03
   5.5970000e+03
   9.4480000e+03
   7.1450000e+03
   6.7920000e+03
   9.5940000e+03
   7.7530000e+03
   6.0770000e+03
   9.4800000e+03
   5.9600000e+02
   2.6870000e+03
   9.8670000e+03
   7.7220000e+03
   4.7540000e+03
   6.8090000e+03
   4.1690000e+03
   3.8010000e+03
   2.1330000e+03
   3.8290000e+03
   2.9700000e+02
   4.7230000e+03
   3.3340000e+03
   9.7580000e+03
   5.5540000e+03
   8.4630000e+03
   4.0810000e+03
   4.6200000e+03
   8.2630000e+03
   9.9120000e+03
   5.2390000e+03
   9.2540000e+03
   7.3900000e+03
   5.6740000e+03
   9.6880000e+03
   8.2450000e+03
   9.5960000e+03
   6.4630000e+03
   3.7960000e+03
   4.7660000e+03
   9.1190000e+03
   1.4900000e+02
   1.5670000e+03
   4.7160000e+03
   5.4300000e+03
   5.9700000e+02
   6.5800000e+03
   8.8960000e+03
   1.0960000e+03
   4.3780000e+03
   2.8020000e+03
   9.8520000e+03
   6.0880000e+03
   2.5370000e+03
   1.3260000e+03
   5.4500000e+03
   8.2780000e+03
   8.3700000e+03
   8.3330000e+03
   2.0370000e+03
   5.4440000e+03
   8.7490000e+03
   1.2100000e+03
   8.5640000e+03
   8.9980000e+03
   2.1790000e+03
   7.7000000e+02
   4.7420000e+03
   8.3500000e+03
   4.6940000e+03
   4.1380000e+03
   5.0270000e+03
   1.2540000e+03
   1.3230000e+03
   8.7050000e+03
   6.0300000e+03
   2.6530000e+03
   8.6480000e+03
   5.8100000e+02
   4.5780000e+03
   7.2220000e+03
   3.3900000e+03
   4.0120000e+03
   5.2700000e+03
   8.9420000e+03
   7.7840000e+03
   6.9400000e+02
   2.7880000e+03
   3.7940000e+03
   8.6470000e+03
   4.2000000e+03
   2.3990000e+03
   5.9770000e+03
   4.7940000e+03
   8.9850000e+03
   9.3470000e+03
   8.1790000e+03
   7.0890000e+03
   7.4320000e+03
   8.9970000e+03
   6.5200000e+02
   3.3590000e+03
   4.3000000e+01
   8.2810000e+03
   5.0740000e+03
   3.6620000e+03
   2.2660000e+03
   5.3480000e+03
   2.8950000e+03
   6.8400000e+02
   8.5000000e+02
   6.8300000e+02
   4.0980000e+03
   1.2340000e+03
   4.4300000e+03
   8.9890000e+03
   3.5360000e+03
   1.2020000e+03
   5.6910000e+03
   8.7500000e+03
   3.4860000e+03
   4.1900000e+02
   1.4230000e+03
   7.6600000e+02
   7.4050000e+03
   4.5650000e+03
   6.6820000e+03
   6.9920000e+03
   5.7140000e+03
   6.2870000e+03
   8.7780000e+03
   6.6240000e+03
   8.7540000e+03
   4.6750000e+03
   1.4130000e+03
   6.8100000e+02
   7.1420000e+03
   3.0800000e+03
   6.7120000e+03
   6.5240000e+03
   5.3100000e+03
   7.1510000e+03
   5.0480000e+03
   4.8800000e+03
   4.9780000e+03
   9.3600000e+03
   3.8930000e+03
   1.1710000e+03
   2.4040000e+03
   6.8490000e+03
   8.3930000e+03
   9.7010000e+03
   2.1520000e+03
   7.6030000e+03
   5.8410000e+03
   4.0300000e+03
   5.1000000e+03
   4.9560000e+03
   6.5140000e+03
   7.4370000e+03
   3.0200000e+03
   8.9600000e+02
   8.2600000e+03
   3.8960000e+03
   7.7530000e+03
   1.7940000e+03
   1.0940000e+03
   9.0520000e+03
   8.7640000e+03
   9.9980000e+03
   8.6430000e+03
   3.6900000e+02
   5.4470000e+03
   9.9760000e+03
   5.1100000e+03
   8.7350000e+03
   7.0200000e+02
   9.8750000e+03
   9.2270000e+03
   5.6430000e+03
   4.3150000e+03
   3.3780000e+03
   7.2070000e+03
   1.3700000e+02
   3.7410000e+03
   9.2270000e+03
   5.4650000e+03
   4.7390000e+03
   4.9650000e+03
   3.0900000e+03
   9.5080000e+03
   9.8200000e+03
   5.1360000e+03
   9.9260000e+03
   4.5580000e+03
   4.2600000e+03
   2.1320000e+03
   1.9320000e+03
   8.3280000e+03
   7.2660000e+03
   5.2970000e+03
   8.2910000e+03
   5.1190000e+03
   5.5200000e+03
   2.1330000e+03
   5.8780000e+03
   1.4280000e+03
   5.2200000e+02
   6.8330000e+03
   6.0860000e+03
   2.1970000e+03
   4.0630000e+03
   6.2990000e+03
   5.5530000e+03
   1.2760000e+03
   1.6920000e+03
   1.0000000e+01
   4.1820000e+03
   4.8850000e+03
   1.5990000e+03
   6.6680000e+03
   1.7900000e+02
   1.1970000e+03
   9.5210000e+03
   9.7590000e+03
   3.0900000e+02
   4.9390000e+03
   8.6270000e+03
   2.4290000e+03
   8.3430000e+03
   8.1360000e+03
   6.2900000e+03
   2.2000000e+01
   3.7970000e+03
   9.0440000e+03
   6.8040000e+03
   3.7880000e+03
   6.3200000e+03
   2.4330000e+03
   5.7140000e+03
   9.8170000e+03
   8.4970000e+03
   2.8340000e+03
   6.8250000e+03
   3.5810000e+03
   9.8690000e+03
   8.4000000e+02
   2.5030000e+03
   8.1130000e+03
   8.4400000e+02
   5.3130000e+03
   8.0060000e+03
   7.3880000e+03
   1.4170000e+03
   4.3790000e+03
   3.5040000e+03
   4.7850000e+03
   5.8740000e+03
   1.4580000e+03
   9.0530000e+03
   6.4020000e+03
   1.6290000e+03
   5.6590000e+03
   9.3160000e+03
   7.8310000e+03
   6.8570000e+03
   4.6620000e+03
   2.6030000e+03
   5.6930000e+03
   2.4880000e+03
   3.1930000e+03
   9.1080000e+03
   8.8520000e+03
   7.9460000e+03
   9.2580000e+03
   1.7880000e+03
   5.1750000e+03
   6.2700000e+03
   9.1320000e+03
   6.6400000e+03
   3.8920000e+03
   7.4000000e+03
   8.1760000e+03
   6.0030000e+03
   8.5000000e+02
   9.2240000e+03
   5.3600000e+02
   5.2700000e+03
   1.1890000e+03
   3.8010000e+03
   8.1280000e+03
   2.4410000e+03
   8.8440000e+03
   7.1260000e+03
   3.7810000e+03
   2.4890000e+03
   2.5290000e+03
   7.6720000e+03
   4.9900000e+02
   6.8530000e+03
   6.2030000e+03
   7.4670000e+03
   9.7730000e+03
   3.8390000e+03
   2.6020000e+03
   8.7750000e+03
   8.0610000e+03
   4.6110000e+03
   9.1000000e+02
   5.6430000e+03
   1.8740000e+03
   5.3170000e+03
   3.5500000e+03
   3.1480000e+03
   7.2670000e+03
   5.1580000e+03
   7.9060000e+03
   2.0450000e+03
   6.7810000e+03
   5.2500000e+02
   8.0120000e+03
   6.7860000e+03
   9.4600000e+03
   9.1600000e+02
   9.0840000e+03
   5.1000000e+03
   6.1490000e+03
   3.1610000e+03
   7.7500000e+02
   8.5060000e+03
   1.4450000e+03
   3.7050000e+03
   6.2240000e+03
   9.9760000e+03
   5.1730000e+03
   9.9050000e+03
   2.2650000e+03
   3.9800000e+03
   6.9660000e+03
   6.4600000e+02
   7.4770000e+03
   4.2040000e+03
   8.1130000e+03
